1546898952.827069800	19	-0.477037	-0.0261185	2.95633	-0.971358	-0.0101896	-0.196481	0.133246	
1546898952.916431546	19	-0.491371	0.00525977	2.7893	-0.970989	-0.00709069	-0.221548	0.0896983	
1546898953.006082754	19	-0.510192	0.0103464	2.73415	-0.977387	-0.0106704	-0.198998	0.0707163	
1546898953.097123111	19	-0.504105	0.00738344	2.62348	0.997404	-0.00293599	-0.00221133	0.0719143	
1546898953.184419231	19	-0.512148	0.0073172	2.50003	-0.982997	-0.00627546	-0.172138	0.0636028	
1546898953.274320149	19	-0.505008	4.75073e-05	2.34136	-0.979911	-0.00642538	-0.191545	0.0551743	
1546898953.363329363	19	-0.524981	0.00559311	2.24663	-0.980539	-0.00403935	-0.192426	0.0387218	
1546898953.450921260	19	-0.522362	0.0110723	2.12094	-0.98657	-0.00401543	-0.161435	0.024537	
1546898953.541848275	19	-0.52756	0.0207648	1.96646	-0.986265	-0.00194515	-0.164417	0.0156309	
1546898953.630544446	19	-0.530353	0.0188585	1.8614	-0.995365	-0.000557205	-0.0925674	0.0260696	
1546898953.716842404	19	-0.537362	0.0221903	1.72707	-0.99372	-0.00493017	-0.108626	0.0263775	
1546898953.802637688	19	-0.539856	0.0369646	1.60513	-0.994514	-0.00196922	-0.103258	0.0165949	
1546898953.887048713	19	-0.543323	0.0390178	1.47413	-0.993412	-0.00198966	-0.113167	0.0179568	
1546898953.971558234	19	-0.550208	0.0377821	1.32766	-0.994355	-0.00136652	-0.105406	0.0120664	
1546898954.055681368	19	-0.577189	0.0536924	1.23668	-0.991678	-0.00284631	-0.127932	0.014154	
1546898954.137488958	19	-0.612693	0.0385276	1.05967	-0.992116	-0.0136061	-0.122309	0.0236765	
1546898955.112373002	17	-0.187643	-0.026727	2.58521	-0.99717	0.00222162	-0.00907825	-0.0745919	
1546898955.202979124	17	-0.215526	-0.0238302	2.42016	0.997601	-0.000123869	-0.0686539	0.00892183	
1546898955.292897651	17	-0.24854	-0.0226245	2.32892	0.994618	0.00220473	0.101988	-0.0181535	
1546898955.383598052	17	-0.296302	-0.00322831	2.17224	0.998933	-0.00192434	0.0392454	0.0242784	
1546898955.475768677	17	-0.32126	0.00440449	2.02002	-0.990302	-0.00522614	-0.130335	0.0478375	
1546898955.562307914	17	-0.34401	0.0160621	1.87336	-0.998975	0.00660676	-0.017851	-0.0410607	
1546898955.650521522	17	-0.367815	0.0119487	1.75234	-0.996845	0.00742802	-0.0690695	-0.0383866	
1546898955.737747155	17	-0.379603	0.0123754	1.62231	-0.998286	-0.00253623	-0.0575181	0.0105116	
1546898955.823198818	17	-0.409112	0.0232361	1.47169	-0.996647	0.00728395	-0.0789067	-0.0203696	
1546898955.918004283	17	-0.425482	0.0268747	1.33914	-0.993877	-0.00508003	-0.104734	0.0348437	
1546898956.012370854	17	-0.453968	0.0258365	1.20875	-0.995925	0.000922211	-0.0880755	-0.0193799	
1546898959.446645157	13	0.0186452	-0.0281387	2.85757	0.995578	0.00760701	-0.0919495	0.0176834	
1546898959.528631156	13	0.0228493	-0.0268257	2.74669	0.996332	0.00419289	-0.0854699	-0.000770496	
1546898959.609549460	13	0.0236493	-0.0105208	2.68025	0.998802	0.00522836	-0.0230845	0.0428394	
1546898959.692630831	13	0.0177848	-0.00493246	2.52752	0.997603	-0.00053869	-0.0198288	0.0662899	
1546898959.776547687	13	0.0118282	-0.00355535	2.42772	0.994604	-0.00199161	-0.0321683	0.0986088	
1546898959.858049922	13	-0.00544627	0.00981767	2.26285	0.997094	0.00420381	-0.0630588	0.042536	
1546898959.941296146	13	-0.00752378	-0.00662105	2.183	0.998778	0.00337027	-0.00359864	0.0491799	
1546898960.025483795	13	-0.0111054	-0.0146474	2.07604	0.997392	0.00184022	0.012484	0.0710616	
1546898960.106007647	13	-0.102363	-0.00157488	1.93057	0.998036	0.00135641	0.00703154	0.0622304	
1546898960.186832050	13	-0.243805	0.00088673	1.81652	0.999455	0.00759456	0.00487561	0.0317447	
1546898960.268158550	13	-0.369633	0.0125379	1.735	0.996318	0.000519436	0.0666874	0.0538858	
1546898960.350127863	13	-0.520496	0.0278459	1.58872	0.996159	-0.0037556	0.0802221	0.0348851	
1546898960.432880538	13	-0.5698	0.0329771	1.46926	-0.99354	-0.000838373	-0.111503	0.0211045	
1546898960.519005569	13	-0.575965	0.0409118	1.43077	0.989986	-0.00620633	0.14085	0.00712851	
1546898960.602819405	13	-0.586246	0.0461774	1.24957	0.994759	-0.00466829	0.101355	-0.0126751	
1546898960.688222220	13	-0.59703	0.0577541	1.14649	-0.993959	0.0015593	-0.109289	0.00999433	
1546898960.769736004	13	-0.613752	0.0523108	1.03351	-0.993347	-0.00139813	-0.114979	-0.00637741	
1546898961.074826756	10	2.44174	0.00665386	2.53932	0.87473	0.0574939	-0.473658	0.0847909	
1546898961.660094922	10	0.419739	-0.0111347	2.70176	0.985416	0.0336944	-0.129576	0.105028	
1546898961.738628385	10	0.307045	-0.0226289	2.62516	0.988671	0.0210383	-0.137441	0.05654	
1546898961.818004445	10	0.285008	-0.00417481	2.54012	0.989388	0.0155456	-0.11658	0.0853121	
1546898961.897754734	10	0.26034	-0.00543464	2.45016	0.995503	0.0157715	-0.0730576	0.0582038	
1546898961.980245784	10	0.238159	-0.00189578	2.3161	0.994889	0.0142906	-0.0814062	0.0580012	
1546898962.063262692	10	0.218218	0.00408681	2.20065	0.995264	0.0141353	-0.0760337	0.0588988	
1546898962.144162255	10	0.197651	0.0195162	2.07991	0.994864	0.0147309	-0.057506	0.0819864	
1546898962.231309573	10	0.0700171	0.019226	1.94662	0.995376	0.0151889	-0.0640605	0.0699389	
1546898962.317220923	10	-0.0640415	0.0157779	1.84168	0.998082	0.00426275	0.00928064	0.0610649	
1546898962.398575717	10	-0.0826072	0.0150299	1.70317	0.999488	0.00491488	0.00942575	0.0301685	
1546898962.482462597	10	-0.114406	0.0289132	1.58868	0.996106	0.00471749	0.0679899	0.0559366	
1546898962.562813045	10	-0.214609	0.0283873	1.45109	-0.990086	-0.0148727	-0.13499	0.035859	
1546898962.643534631	10	-0.323547	0.0309803	1.29908	-0.997342	-0.00290842	-0.0701702	-0.0194101	
1546898962.729439397	10	-0.361003	0.0434157	1.1754	0.995019	0.00162113	0.0996517	0.00204558	
1546898962.812384119	10	-0.438875	0.0358112	1.0289	-0.993319	-0.00693085	-0.114976	-0.00708768	
1546898965.720503367	19	-0.301275	-0.0234591	2.98381	-0.979484	-0.0160262	-0.174633	0.0992809	
1546898965.898305623	19	-0.491919	-0.0132717	2.70281	-0.997189	0.00462508	0.00808761	-0.0743425	
1546898965.983305220	19	-0.518433	0.00578241	2.58506	-0.979904	-0.00649763	-0.184144	0.0764042	
1546898966.068968632	19	-0.542519	0.00846032	2.44795	-0.997132	0.00948805	-0.0466015	-0.0588762	
1546898966.153900338	19	-0.544461	0.00295395	2.3643	-0.984065	-0.00178747	-0.174624	0.0334648	
1546898966.238395656	19	-0.564319	0.0215224	2.21207	-0.977827	-0.00408542	-0.20591	0.0379201	
1546898966.322752765	19	-0.580382	0.0173869	2.09577	-0.978555	-0.00512838	-0.203555	0.0311479	
1546898966.407234922	19	-0.599806	0.0156008	1.9568	-0.986565	-0.00694391	-0.157404	0.0431952	
1546898966.497450125	19	-0.609143	0.0142686	1.81815	0.980169	-0.00459329	0.197842	0.0102866	
1546898966.582729370	19	-0.612996	0.0192718	1.69271	-0.988461	-0.00444604	-0.147556	0.0339532	
1546898966.666833340	19	-0.629985	0.0404376	1.55447	-0.990096	-0.00300878	-0.139775	0.0127617	
1546898966.748461010	19	-0.622514	0.0242187	1.46636	-0.992091	-0.00231847	-0.124599	0.0150055	
1546898966.830451633	19	-0.637629	0.0339975	1.36207	0.985275	0.00417833	0.169276	-0.0237017	
1546898966.914213380	19	-0.641859	0.0483414	1.19742	0.990561	-0.000793296	0.136774	-0.00896805	
1546898966.995138151	19	-0.654373	0.0448621	1.09489	-0.989654	-0.000120722	-0.141837	0.0215997	
1546898967.076104891	19	-0.665288	0.0480602	0.978848	-0.988241	-0.00322259	-0.152216	0.0141444	
1546898968.230824026	17	-0.418652	0.0019462	2.30741	-0.989061	-0.00873198	-0.144163	0.0299982	
1546898968.315275589	17	-0.44289	0.00122006	2.16546	-0.986688	-0.00575316	-0.15495	0.0490374	
1546898968.401463019	17	-0.470222	0.00611435	2.04374	0.986951	0.00253553	0.16097	-0.00303814	
1546898968.485324987	17	-0.492598	0.00167187	1.88231	-0.985531	-0.0112077	-0.150215	0.0777017	
1546898968.569493481	17	-0.507707	0.0209218	1.77086	-0.992363	0.0123801	-0.110739	-0.05291	
1546898968.659180719	17	-0.51962	0.033764	1.63873	-0.994574	0.0138457	-0.0876029	-0.0543684	
1546898968.742632926	17	-0.543794	0.0265769	1.50928	0.992123	-0.000726352	0.125187	-0.00434832	
1546898968.826469886	17	-0.551951	0.0356391	1.36982	-0.987364	0.0202914	-0.146804	-0.0561108	
1546898968.912877262	17	-0.5738	0.0403627	1.24297	-0.989286	0.0147946	-0.142119	-0.0299267	
1546898968.996019856	17	-0.601746	0.0293728	1.11734	-0.985007	0.00246997	-0.171992	-0.0131529	
1546898971.989273760	13	1.09984	-0.0214619	2.83298	0.980321	0.0215837	-0.176071	0.0866242	
1546898972.077699132	13	1.01214	-0.00957742	2.77758	0.991345	0.0245146	-0.110784	0.0660345	
1546898972.166072156	13	0.567454	-0.00108854	2.67488	0.996295	0.019833	-0.0612951	0.056972	
1546898972.252274779	13	0.534277	0.00244135	2.56139	0.990373	0.0180293	-0.0715409	0.117124	
1546898972.336655087	13	0.500911	-0.00684253	2.44734	0.988061	0.0158817	-0.11678	0.0992273	
1546898972.422439630	13	0.469861	0.00228451	2.28053	0.986705	0.0169257	-0.128234	0.0984034	
1546898972.500792208	13	0.330231	0.00691742	2.21538	0.986689	0.021886	-0.1504	0.0578478	
1546898972.583367472	13	0.0735204	-0.00254067	2.11251	0.996891	0.010381	-0.0338419	0.0703926	
1546898972.674794148	13	0.0174199	0.0127905	1.95194	0.994775	0.00579616	-0.00352292	0.101865	
1546898972.758651676	13	-0.0172986	0.0239721	1.80443	0.996272	0.000572634	0.0407403	0.0760459	
1546898972.843676619	13	-0.0285933	0.0248619	1.70053	-0.999595	-0.00371922	0.0164785	0.0228929	
1546898972.925208370	13	-0.159608	0.0263713	1.54393	0.994172	0.00785647	0.0420069	0.0989783	
1546898973.010829529	13	-0.311933	0.0248704	1.31766	-0.983009	-0.0161736	-0.0329736	0.179844	
1546898973.169664464	13	-0.622569	0.0509327	1.07808	-0.983284	-0.000649638	-0.181347	0.0163154	
1546898973.254042475	13	-0.632306	0.0561003	0.925722	-0.982105	0.00415233	-0.188218	0.00511738	
1546898974.111567669	10	0.503177	-0.0320415	2.75338	0.97539	0.0232524	-0.204053	0.0802199	
1546898974.191417746	10	0.490072	-0.0147532	2.70725	0.982571	0.0210423	-0.166478	0.0799761	
1546898974.272642366	10	0.473071	-0.0141746	2.64978	0.980933	0.027959	-0.162836	0.102336	
1546898974.358396406	10	0.429824	-0.0105654	2.58492	0.986457	0.0295086	-0.139062	0.0818107	
1546898974.439672685	10	0.187466	-0.0135852	2.49667	0.991611	0.0285883	-0.0847595	0.0933045	
1546898974.524013732	10	0.0561877	-0.0110692	2.37134	0.997485	0.0108375	-0.0411041	0.0567134	
1546898974.608083772	10	0.036169	0.00120093	2.25181	0.995334	0.00917045	-0.0348679	0.0895025	
1546898974.689950294	10	-0.124004	0.0162839	2.0736	0.99762	0.00340874	-0.01662	0.0668375	
1546898974.775275979	10	-0.15561	0.031189	1.89109	0.999205	0.00937598	0.0296616	-0.0249497	
1546898974.860232770	10	-0.171321	0.0262177	1.77404	0.999178	0.0132574	0.033544	-0.0184833	
1546898974.954598962	10	-0.204385	0.0348292	1.61731	-0.997238	-0.00974276	-0.0444828	0.0586776	
1546898975.038113940	10	-0.231978	0.0301146	1.48978	-0.998189	-0.00532155	-0.0596822	0.00530902	
1546898975.121993302	10	-0.29719	0.0255837	1.33404	-0.982722	-0.0149536	-0.184411	-0.005104	
1546898978.024468739	19	-0.76919	-0.0291729	3.06256	-0.968493	-0.0143039	-0.218455	0.118716	
1546898978.114241991	19	-0.766173	-0.0174037	2.92029	-0.966353	-0.000485015	-0.250591	0.0580091	
1546898978.199858186	19	-0.569991	-0.0127912	2.79529	0.998987	-0.00529495	-0.0196317	0.040148	
1546898978.284061401	19	-0.572262	-0.0179844	2.74729	0.975489	0.00642277	0.188615	-0.113156	
1546898978.369829342	19	-0.562865	-0.00527755	2.59029	0.998457	-0.00902408	0.00270014	0.0547237	
1546898978.453405875	19	-0.584441	0.0129175	2.47317	-0.977617	-0.00745087	-0.198267	0.0700006	
1546898978.537637726	19	-0.596293	0.00804663	2.37004	0.995457	-0.0103646	0.069761	0.0639646	
1546898978.622474343	19	-0.605259	0.0289508	2.25149	-0.974834	-0.00676473	-0.218154	0.0454138	
1546898978.707752141	19	-0.602289	0.0191695	2.14267	-0.981247	-0.00487791	-0.18897	0.0376966	
1546898978.793938068	19	-0.604381	0.0128837	2.01697	-0.976812	-0.00556076	-0.210029	0.0411834	
1546898978.878370688	19	-0.616981	0.0233384	1.85734	-0.994995	0.000982614	-0.0998343	-0.00424017	
1546898978.965309034	19	-0.613705	0.0235106	1.73804	-0.99529	-0.00269136	-0.0936498	0.0249025	
1546898979.055323254	19	-0.615741	0.0350915	1.62862	-0.994454	-0.00114959	-0.103891	0.0163021	
1546898979.136798488	19	-0.610876	0.0404573	1.47891	0.993946	0.00109072	0.108872	-0.0147156	
1546898979.217804697	19	-0.609313	0.0381503	1.35458	-0.995476	0.000574537	-0.093296	0.0179653	
1546898979.299156609	19	-0.612625	0.0468359	1.26052	-0.994161	-0.00211611	-0.102232	0.0344616	
1546898979.379133825	19	-0.622118	0.0504799	1.14278	-0.994921	-0.00135302	-0.0996032	0.0144644	
1546898979.458633214	19	-0.625726	0.052769	1.03152	-0.994521	-0.00107226	-0.102285	0.0215671	
1546898979.537563122	19	-0.627626	0.0588666	0.929432	0.994929	-0.00182652	0.0993388	-0.015619	
1546898980.745178473	17	0.200185	-0.0291644	2.45947	-0.994193	-0.0080074	-0.0785152	0.0731573	
1546898980.831348168	17	0.183981	-0.0184933	2.30532	-0.994011	-0.0104167	-0.085738	0.0669597	
1546898980.916679205	17	0.173882	-0.00459856	2.1962	-0.994413	-0.00533755	-0.0908011	0.0535738	
1546898981.000356083	17	0.169976	-0.00866039	2.05398	-0.995225	-0.00256383	-0.0832478	0.0508904	
1546898981.084429207	17	0.170228	0.00397179	1.94478	-0.996324	-0.00346892	-0.0638402	0.0570157	
1546898981.165707047	17	0.126845	0.00608902	1.84573	-0.992454	-0.0123933	-0.0991865	0.0710186	
1546898981.330925254	17	-0.294418	0.0179953	1.55589	0.997707	-0.0016122	0.0113479	0.0667033	
1546898981.416934735	17	-0.332266	0.0166115	1.40429	-0.985208	-0.00315957	-0.169417	0.0255555	
1546898981.505056728	17	-0.349192	0.0264954	1.30722	-0.985218	-0.00601197	-0.166414	0.0402018	
1546898981.592815048	17	-0.353166	0.0364101	1.17884	-0.991571	0.0107893	-0.12155	-0.0435447	
1546898981.677296437	17	-0.361572	0.0390829	1.03558	-0.988833	0.0100277	-0.144122	-0.0365788	
1546898984.961727086	13	-0.0301524	-0.00250556	3.04909	0.993935	0.0015128	-0.10924	0.0125101	
1546898985.125704984	13	-0.0146968	-0.00274349	2.83334	0.99374	0.00184072	0.0510008	0.0993834	
1546898985.205815875	13	-0.00390452	-0.0117777	2.66953	-0.996491	-0.00824124	0.00396065	0.0832025	
1546898985.283171442	13	-0.112827	-0.00508266	2.50422	-0.996373	-0.000589446	0.0051426	0.084941	
1546898985.363816847	13	-0.362943	0.0130818	2.35324	0.995367	-9.90232e-05	0.0457802	0.0845466	
1546898985.448172338	13	-0.438098	0.0110269	2.12423	0.998779	-0.000823615	0.0456678	0.0188196	
1546898985.541079817	13	-0.458951	0.0218242	1.99548	0.997751	-0.00124315	0.0670043	-0.00139466	
1546898985.627221821	13	-0.469754	0.0155103	1.90717	-0.996841	-0.00260902	-0.0793212	0.00315091	
1546898985.711834141	13	-0.490365	0.033046	1.74796	-0.996366	0.00186611	-0.0851023	-0.00297066	
1546898985.803125647	13	-0.507739	0.0346371	1.59305	-0.995146	0.00152931	-0.0979148	0.00973307	
1546898985.891369655	13	-0.518243	0.0257849	1.46818	-0.996513	-0.00342214	-0.0824795	0.0121286	
1546898985.977884977	13	-0.540784	0.0311732	1.29219	-0.98439	-0.0197263	-0.0748817	0.158052	
1546898986.765824619	10	1.14297	-0.0148904	2.68827	0.95433	0.0378756	-0.285036	0.0810797	
1546898986.844191964	10	1.12226	-0.0169331	2.62198	-0.956321	-0.0368776	0.282658	-0.0647584	
1546898986.923026063	10	1.06833	-0.0120365	2.55093	0.964652	0.0422616	-0.249895	0.0722028	
1546898987.234582759	10	-0.142548	0.00427962	2.26327	0.995783	0.0150861	-0.0346737	0.0835803	
1546898987.320789618	10	-0.186775	0.00884908	2.17365	0.998843	0.00466196	0.0145204	0.0455982	
1546898987.402975431	10	-0.227581	0.00402598	2.00804	0.997056	0.00232346	0.0293794	0.0707809	
1546898987.487166920	10	-0.234725	0.0246228	1.91681	0.994072	0.00289788	0.0762918	0.0774044	
1546898987.572817077	10	-0.250474	0.0250704	1.79454	0.992096	0.000158616	0.098704	0.0774729	
1546898987.656441532	10	-0.265763	0.0237363	1.66634	-0.998946	-0.0050264	-0.045417	0.00437049	
1546898987.754014380	10	-0.295898	0.0250402	1.51278	-0.995775	-0.00761885	-0.0853405	0.03304	
1546898987.836049107	10	-0.372093	0.0263601	1.40311	-0.99819	-0.0077537	-0.0504553	-0.0317863	
1546898990.719861824	19	-0.274668	-0.0304434	3.07219	-0.993786	0.00937748	0.0421007	-0.102613	
1546898990.892876257	19	-0.281221	-0.0255562	2.8174	0.995288	-0.00633516	-0.0364943	0.0896063	
1546898990.980733960	19	-0.289055	-0.00691136	2.70096	0.996663	-0.00433396	-0.0417327	0.0700158	
1546898991.066559485	19	-0.316919	-0.0205715	2.5656	-0.998563	-0.00396548	0.0324664	-0.042458	
1546898991.152499220	19	-0.437245	-0.00599069	2.46482	-0.984608	-0.00754864	-0.162899	0.0628851	
1546898991.241457691	19	-0.456081	0.00442953	2.34823	-0.989064	-0.00339597	-0.143485	0.0339464	
1546898991.327006493	19	-0.475968	0.00778975	2.1695	-0.998418	0.000552786	-0.0539657	-0.0157503	
1546898991.413695970	19	-0.4974	0.01195	2.04673	-0.994363	-0.00363476	-0.101784	0.0294656	
1546898991.501085361	19	-0.511685	0.0128185	1.95787	-0.989779	-0.00559229	-0.134639	0.0466753	
1546898991.585335531	19	-0.525233	0.0110669	1.76791	-0.995985	-0.00317388	-0.0851531	0.0274331	
1546898991.672594317	19	-0.538707	0.0156579	1.66973	-0.996795	0.000273966	-0.0797222	0.00663003	
1546898991.756766520	19	-0.541275	0.0194755	1.55023	-0.994797	0.000325868	-0.101649	0.00675416	
1546898991.839316935	19	-0.555663	0.0313528	1.44059	0.99294	0.00479688	0.113768	-0.0332355	
1546898991.923873105	19	-0.567267	0.0380549	1.30276	-0.992535	-0.00710859	-0.118135	0.0294582	
1546898992.492857451	17	2.06339	-0.0234125	2.66222	-0.972336	0.0145995	0.199532	0.120567	
1546898992.586538201	17	2.02384	-0.016321	2.5263	-0.905531	-0.0130436	0.424011	0.0075535	
1546898992.674000008	17	1.97934	-0.0118041	2.41581	-0.906365	-0.0189174	0.421791	0.0153726	
1546898992.757406394	17	1.91143	0.0161791	2.38625	-0.909074	-0.0514328	0.405763	-0.0793415	
1546898993.262706216	17	0.0260389	-0.00175308	2.2381	0.997158	0.00394736	0.0724837	-0.0201429	
1546898993.351835785	17	-0.01354	-0.00789034	2.07346	0.999213	0.00373634	0.0104337	0.038082	
1546898993.439694789	17	-0.0366047	0.0118068	1.98005	0.996914	0.00103111	-0.00950034	0.0779114	
1546898993.524043237	17	-0.0594421	0.00765224	1.84554	-0.993226	-0.0105359	-0.0691257	0.0928033	
1546898993.619111473	17	-0.172739	0.0127512	1.7443	0.998102	0.0117239	-0.034877	0.0493808	
1546898993.693952567	17	-0.480144	0.0236306	1.48778	0.99637	-0.00317707	0.0657637	0.0539695	
1546898993.780664764	17	-0.526059	0.0252966	1.36811	0.987663	-0.0128893	0.147607	0.0506834	
1546898993.867044092	17	-0.54462	0.0329896	1.20646	-0.990366	0.013311	-0.134356	-0.0307525	
1546898993.952009296	17	-0.567357	0.0379615	1.08887	-0.985904	0.00448284	-0.16724	0.00206423	
1546898994.045094711	17	-0.582441	0.0467116	0.971751	-0.979512	0.0101166	-0.199377	-0.0264896	
1546898997.160394141	13	-0.333365	-0.0237928	2.82257	0.994514	-0.00592585	0.0385629	0.0970522	
1546898997.245292077	13	-0.335538	-0.0111867	2.72129	0.997388	-0.000912877	0.037402	0.0617802	
1546898997.327004224	13	-0.350522	0.00166373	2.6367	0.996085	-0.00690349	0.0317581	0.0822079	
1546898997.408964971	13	-0.357745	-0.00105881	2.5124	0.999888	0.00342848	0.00273883	0.0142767	
1546898997.492881765	13	-0.371723	0.00580781	2.33803	0.9998	0.00232104	0.014984	0.0130085	
1546898997.573761160	13	-0.391682	0.0294525	2.25569	0.996436	-0.00798769	0.0486865	0.0684139	
1546898997.655883514	13	-0.403819	0.0136561	2.08951	0.999369	-0.000650724	0.0283993	-0.0213141	
1546898997.738095014	13	-0.414502	0.0136139	2.00222	0.998418	-0.0027344	0.0553221	0.00970561	
1546898997.821611324	13	-0.429677	0.0224697	1.85294	0.999506	-0.000355968	0.0308929	0.00572249	
1546898997.905594454	13	-0.448442	0.024211	1.74671	-0.998141	-0.00124847	-0.0596501	0.0124417	
1546898997.987864759	13	-0.454395	0.0259867	1.64739	-0.997627	0.000351383	-0.068714	0.00438288	
1546898998.070136724	13	-0.46455	0.0384894	1.45883	0.999221	-0.00222395	0.0393571	-0.0019895	
1546898998.152438700	13	-0.506241	0.0200146	1.33778	-0.99766	-0.0110699	-0.0637431	0.0221182	
1546898998.543489362	10	2.39157	-0.0185268	2.56161	0.875087	0.0549759	-0.478556	0.0467364	
1546898998.624019454	10	2.37472	-0.00063628	2.45188	0.891417	0.0305996	-0.452035	0.0102078	
1546898998.711051758	10	2.33636	0.0290415	2.40384	0.864678	0.0526951	-0.496517	0.0550191	
1546898999.178452986	10	0.515262	-0.0205223	2.57056	-0.983497	-0.0197775	0.174706	-0.0426716	
1546898999.260635696	10	0.489786	-0.00630737	2.45456	0.984127	0.0215732	-0.152545	0.0880863	
1546898999.341526527	10	0.460832	0.00503009	2.36467	0.992362	0.0186466	-0.0958698	0.0753605	
1546898999.423882692	10	0.431206	0.00322339	2.22053	0.991916	0.0191126	-0.104633	0.0692117	
1546898999.512896993	10	0.411167	0.0123324	2.12648	0.991151	0.0253068	-0.0971715	0.0868183	
1546898999.591381049	10	0.243467	0.0158625	2.01278	0.996585	0.0197612	0.0250379	-0.0761701	
1546898999.673202618	10	0.0169643	0.0203004	1.90835	0.996679	0.0124005	0.0667022	-0.04503	
1546898999.762394958	10	-0.026282	0.0209701	1.80073	0.999824	0.0068488	-0.0137014	0.0107871	
1546898999.845725364	10	-0.0588183	0.0331897	1.66524	0.999234	0.00223717	0.0254496	0.0296367	
1546898999.931088559	10	-0.0824856	0.0242831	1.53926	0.995425	0.0129175	0.0937335	0.0132491	
1546899000.016246915	10	-0.243606	0.0243545	1.38269	0.995246	0.0105289	0.0223807	0.0941996	
1546899003.113031838	19	-0.3544	-0.028669	2.81331	-0.995886	0.00566778	0.0688946	-0.0585806	
1546899003.202959764	19	-0.366297	-0.0158627	2.75686	-0.997433	0.00238642	0.0245011	-0.0672362	
1546899003.291647087	19	-0.378702	0.000466025	2.65497	-0.988798	-0.00190193	-0.141305	0.048038	
1546899003.376856994	19	-0.366966	-0.00977964	2.52833	-0.987074	-0.0077717	-0.132706	0.0895148	
1546899003.461861287	19	-0.372366	-0.00424373	2.40679	-0.987482	-0.0075507	-0.130288	0.0885882	
1546899003.545943730	19	-0.380675	0.0107281	2.28454	0.999237	-0.00712733	0.0291917	0.024936	
1546899003.630297202	19	-0.37373	0.00609622	2.14698	-0.998999	0.0015342	-0.0181908	-0.0408265	
1546899003.714264419	19	-0.381377	0.0112239	2.0077	-0.998451	0.0014567	-0.0547084	-0.0100465	
1546899003.797418988	19	-0.393103	0.0117362	1.88697	-0.994337	-0.00908384	-0.0850127	0.0631189	
1546899003.884485370	19	-0.394154	0.0188944	1.79808	-0.994253	-0.0115195	-0.0928897	0.0519586	
1546899004.124472306	19	-0.830529	0.0329016	1.22391	-0.984877	0.000800691	-0.172597	0.0150599	
1546899004.208803150	19	-0.867144	0.0422199	1.1124	-0.977657	0.0031172	-0.209866	0.0115162	
1546899005.082057821	17	0.818191	-0.0164437	2.69112	0.973448	0.0212487	-0.219009	0.0631141	
1546899005.167007731	17	0.784545	-0.00697292	2.55201	-0.973689	-0.0102786	0.227538	-0.0070528	
1546899005.252093082	17	0.725402	0.00569318	2.41764	-0.995956	-0.000534547	0.060361	0.066543	
1546899005.594573666	17	-0.263451	-0.00493937	2.02431	-0.998168	-0.00244306	-0.00810851	-0.0599015	
1546899005.684417349	17	-0.298452	0.0103148	1.87417	-0.989516	-0.0106077	-0.127683	0.0666497	
1546899005.773808453	17	-0.328689	0.0237617	1.71771	-0.99777	0.00525303	-0.0447508	-0.0492455	
1546899005.859762339	17	-0.336715	0.0252526	1.57394	-0.990632	-0.0068571	-0.132148	0.0337467	
1546899005.944391181	17	-0.36086	0.0301182	1.44744	-0.993405	0.00736839	-0.106913	-0.0407538	
1546899006.029802045	17	-0.385822	0.0335923	1.34802	-0.986247	-0.00637122	-0.158124	0.0476726	
1546899006.112684254	17	-0.405484	0.0323274	1.19675	-0.990588	-0.00809637	-0.134052	0.0264411	
1546899009.128061070	13	-0.309503	-0.0106544	3.09997	0.986994	-0.00824934	0.0684905	0.145201	
1546899009.208174094	13	-0.348289	-0.00276973	2.99049	0.999668	-0.00211211	-0.0206965	-0.0151907	
1546899009.290963788	13	-0.324872	-0.0174085	2.89028	0.996635	-0.00307618	0.0352019	0.0739532	
1546899009.372348939	13	-0.332216	-0.0120036	2.75861	0.998243	-0.0021006	0.0364182	0.0466856	
1546899009.454083005	13	-0.330377	-0.0104353	2.65083	0.99261	-0.00385064	0.0636662	0.103238	
1546899009.534310327	13	-0.334601	-0.00481402	2.54228	0.998727	0.00148408	0.0236966	0.0445033	
1546899009.615110722	13	-0.347381	0.00935579	2.46346	0.996304	-0.00775956	0.0537299	0.0665632	
1546899009.699484556	13	-0.370111	0.00739925	2.2906	0.999293	-0.00156351	0.032942	0.0180786	
1546899009.781554895	13	-0.39743	-0.00545418	2.17678	0.998159	0.00390377	0.0517524	0.0313918	
1546899009.862026906	13	-0.544567	0.00641354	1.99801	-0.993723	-0.0140177	-0.0533217	0.0973374	
1546899009.948805016	13	-0.794698	0.00875571	1.82268	0.988408	-0.00330161	0.151337	0.0116804	
1546899010.043325357	13	-0.793598	0.0197222	1.68364	0.99357	-0.00203692	0.113124	0.0042738	
1546899010.134931230	13	-0.822329	0.0336542	1.5581	-0.991093	0.00399389	-0.132869	0.00800986	
1546899010.223460964	13	-0.834247	0.0338517	1.38077	-0.990414	0.00387385	-0.137897	0.00698308	
1546899010.308180135	13	-0.839649	0.0384065	1.26991	-0.991641	0.00114281	-0.128148	0.0149733	
1546899010.395413128	13	-0.851219	0.0491933	1.14153	-0.990953	0.00427996	-0.133838	0.00904492	
1546899011.459082249	10	0.599905	-0.00513008	2.44566	0.980654	0.0279538	-0.166678	0.098766	
1546899011.537617968	10	0.373338	-0.0106688	2.32113	0.98353	0.0389848	-0.14253	0.104091	
1546899011.695955710	10	-0.162995	0.00558281	2.1203	0.995971	0.00898188	-0.016738	0.0876464	
1546899011.782118379	10	-0.216643	0.0160862	2.03879	0.994383	0.00537962	0.0796813	0.0694585	
1546899011.866459696	10	-0.243366	0.0187749	1.90455	0.993746	-0.00220624	0.0943155	0.0597456	
1546899011.951182105	10	-0.264825	0.0149926	1.78868	0.991678	-0.00463433	0.103846	0.0759575	
1546899012.033492016	10	-0.272074	0.0270331	1.69367	0.99166	0.00243102	0.125963	0.027179	
1546899012.114994482	10	-0.293711	0.0367373	1.56082	0.994987	-0.00142913	0.0964942	0.0262378	
1546899012.203533817	10	-0.307259	0.0394571	1.42612	-0.994232	-0.0129024	-0.100461	0.0352746	
1546899012.286241461	10	-0.469479	0.0265922	1.22671	0.995972	0.00597648	0.0641109	0.0623975	
1546899040.735309915	19	-0.60773	-0.00442779	2.928	-0.97105	-0.013971	-0.215198	0.102749	
1546899040.821120351	19	-0.610737	-0.00916841	2.82278	0.995988	-0.0130454	-0.00728558	0.0882327	
1546899040.907778067	19	-0.603055	0.00535207	2.73166	-0.973864	-0.00738217	-0.213032	0.0784361	
1546899040.995847643	19	-0.61429	0.00954802	2.55974	-0.976776	-0.00802182	-0.199785	0.0770066	
1546899041.081809674	19	-0.625778	-0.00132491	2.4519	-0.97893	-0.00911695	-0.187175	0.0811125	
1546899041.167667224	19	-0.636333	0.00237589	2.34119	0.998029	-0.00506619	0.0552428	0.0293245	
1546899041.254998958	19	-0.657686	0.0186466	2.21368	-0.978533	-0.0026997	-0.199421	0.051932	
1546899041.344390172	19	-0.661545	0.0200734	2.09794	0.993883	-0.00534025	0.106442	0.0289616	
1546899041.436633923	19	-0.657288	0.0168129	2.00781	-0.98981	-0.00401387	-0.140198	0.0245873	
1546899041.529921535	19	-0.664947	0.0202242	1.85972	-0.99365	-0.00497731	-0.107079	0.0341943	
1546899041.623973737	19	-0.683388	0.0205552	1.69356	-0.990775	-0.0025402	-0.134647	0.0151391	
1546899041.715390707	19	-0.684159	0.0325488	1.56715	-0.987817	-0.00701483	-0.151423	0.035202	
1546899041.803579144	19	-0.699439	0.0397301	1.43282	0.990672	-0.000377385	0.136154	-0.0056465	
1546899041.887823069	19	-0.700066	0.03872	1.30955	-0.990882	-0.00513207	-0.134413	0.00771682	
1546899042.402738730	17	1.6424	-0.0238664	2.87818	0.99481	0.0133408	-0.100457	-0.00918361	
1546899042.494719475	17	1.59663	-0.000976194	2.75056	-0.925141	-0.0170005	0.378827	0.0177535	
1546899042.589743482	17	1.55209	-0.0137969	2.64831	0.925715	0.0241202	-0.376815	0.0218917	
1546899042.679246286	17	1.40296	-0.00448021	2.62413	0.944476	0.0484226	-0.318953	0.0623559	
1546899043.016115925	17	-0.0174356	0.00259108	2.38075	-0.991332	-0.0081291	-0.126205	0.0355971	
1546899043.105553541	17	-0.0612656	-0.00892254	2.30284	-0.998785	-0.00411079	0.0456026	-0.0182004	
1546899043.196210520	17	-0.0927811	-0.00212111	2.1669	0.992869	0.0118349	0.0956821	-0.0701206	
1546899043.364339755	17	-0.404138	0.0161627	1.83714	-0.997185	0.0091716	-0.0494681	-0.0556041	
1546899043.454720667	17	-0.435509	0.0282535	1.69664	-0.993762	0.000579682	-0.109946	-0.0186861	
1546899043.541967036	17	-0.451322	0.0236679	1.56818	-0.990726	-0.010068	-0.122815	0.0572403	
1546899043.629857729	17	-0.457032	0.0247824	1.42683	-0.996278	0.00589593	-0.0828139	-0.0231685	
1546899043.718033772	17	-0.467904	0.0328043	1.30664	-0.996622	0.00329316	-0.0820445	-0.00156807	
1546899043.798081397	17	-0.501196	0.0223324	1.14917	-0.995051	-0.000602733	-0.098155	-0.0154262	
1546899049.291207649	13	0.702698	-0.00297098	2.3778	0.979994	0.0316711	-0.196362	0.0070773	
1546899049.375998500	13	0.638755	0.005893	2.24599	0.996397	0.0403525	-0.0304475	0.0680988	
1546899049.455716414	13	0.416042	0.00892034	2.10837	-0.976572	-0.0115753	0.165489	0.137066	
1546899049.537353298	13	0.210717	0.0114897	2.09038	0.989878	0.0342333	-0.130297	0.0446436	
1546899049.628017204	13	0.111712	0.0193028	1.95054	0.994252	0.016907	0.0824071	0.0662229	
1546899049.713646538	13	0.0215801	0.0127223	1.86619	0.996682	0.0305665	0.0529592	0.0537291	
1546899049.797123233	13	-0.181692	0.0231114	1.69476	0.999061	0.017442	-0.0231868	-0.0321695	
1546899049.881827223	13	-0.202084	0.0334029	1.56476	0.99885	0.0125277	-0.0362965	-0.0287185	
1546899049.965297507	13	-0.239295	0.0269782	1.45312	0.999841	0.0141662	0.00566206	0.00928007	
1546899050.045587193	13	-0.350018	0.023906	1.3189	0.999218	0.0208916	0.0181032	0.0282836	
1546899053.141925073	19	-0.566072	-0.0171314	2.87268	0.997974	-0.0118568	-0.0167933	0.0602071	
1546899053.239451398	19	-0.440315	-0.0160041	2.77184	-0.979675	-0.00510209	-0.182973	0.0820526	
1546899053.329785537	19	-0.461456	0.00184307	2.70022	-0.994832	-0.00172173	-0.101357	0.005764	
1546899053.416630317	19	-0.463956	-0.00186483	2.50797	-0.983667	-0.00379034	-0.169148	0.0614387	
1546899053.511854661	19	-0.463103	0.00241141	2.37946	0.999585	-0.00375628	0.0204932	0.0198967	
1546899053.599832127	19	-0.478007	0.0041038	2.22896	-0.997245	0.00424161	-0.0738489	-0.00556088	
1546899053.688242428	19	-0.478061	0.00507433	2.11467	-0.996399	-0.00321732	-0.0829626	0.0172242	
1546899053.784303374	19	-0.484351	0.0153432	1.99632	-0.997614	-0.000925226	-0.0689074	0.00404781	
1546899053.870412295	19	-0.493244	0.0172579	1.85422	-0.994309	-0.00448571	-0.10031	0.035607	
1546899053.955493718	19	-0.493678	0.0186365	1.71846	-0.995436	-0.00720507	-0.0882725	0.0355373	
1546899054.043475450	19	-0.493476	0.0319451	1.60111	-0.994588	-0.00516895	-0.0968051	0.0373751	
1546899054.206791642	19	-0.704755	0.0468314	1.25314	0.989429	-0.00350442	0.144931	-0.00371448	
1546899054.289296514	19	-0.717146	0.0509443	1.12352	-0.989946	2.39316e-06	-0.141361	0.00479511	
1546899055.493261735	17	-0.0582142	-0.00344567	2.41659	0.99258	0.0163573	0.107058	-0.0552786	
1546899055.581885199	17	-0.112656	-0.00280995	2.23019	0.99132	0.00613861	0.13022	-0.0169953	
1546899055.671378182	17	-0.146471	-0.0052865	2.15518	0.998901	0.000255364	0.0190535	0.0428252	
1546899055.763256883	17	-0.169941	-0.00257117	1.98747	-0.999713	0.000642213	0.00245738	-0.0238062	
1546899055.849247955	17	-0.193581	0.0114265	1.87333	-0.995679	-0.00594479	-0.0839766	0.0391919	
1546899055.933774739	17	-0.21938	0.0210491	1.71131	0.996888	-0.00755049	0.0158522	0.0768551	
1546899056.016051298	17	-0.226027	0.0240721	1.58793	-0.989452	-0.00806777	-0.127034	0.0691471	
1546899056.099144656	17	-0.250872	0.023267	1.45161	-0.986785	-0.0103169	-0.135814	0.0877734	
1546899056.185102957	17	-0.268739	0.0235588	1.36869	-0.991229	-0.00902095	-0.114102	0.0660632	
1546899061.339574500	13	1.55265	-0.0147827	2.53414	0.922687	0.0320191	-0.382758	0.0334716	
1546899061.418491814	13	1.5413	-0.0034306	2.46207	0.987817	0.0437008	-0.142915	0.0433836	
1546899061.497224903	13	1.47579	0.0157451	2.37107	0.98125	0.0567049	-0.17067	0.0693218	
1546899061.577263927	13	1.30411	0.00373602	2.32821	-0.981293	-0.0489687	0.172997	-0.0688288	
1546899061.806700308	13	0.549213	-0.00248155	2.22722	0.994273	0.0279337	-0.0407546	0.0947627	
1546899061.887730935	13	0.526471	0.00378072	2.13744	-0.979418	-0.0117947	0.176104	0.0979241	
1546899061.969714191	13	0.503332	0.0167046	2.05555	-0.997058	-0.0231908	0.0404114	-0.0608679	
1546899062.051602267	13	0.476793	0.011188	1.96548	-0.986314	-0.00575072	0.146513	0.0754079	
1546899062.133603769	13	0.452595	0.020119	1.84852	0.988907	0.0148319	-0.140471	-0.045947	
1546899062.214237924	13	0.338296	0.0288618	1.76036	0.988979	0.0317513	-0.114429	0.0884225	
1546899062.291155726	13	0.0930271	0.0224112	1.58124	-0.981544	-0.0101587	0.0965082	0.164785	
1546899062.373985135	13	-0.0777259	0.0221621	1.52508	0.999304	0.0099893	-0.0264269	-0.0243528	
1546899062.456831616	13	-0.148865	0.0312791	1.38608	0.998067	0.0193722	0.0562696	0.0178951	
1546899065.472895288	19	-1.73951	-0.0336071	2.88007	-0.985454	0.0285703	-0.149908	-0.0747841	
1546899065.566684033	19	-1.71595	-0.030205	2.67351	0.986813	-0.0246802	0.146132	0.0650862	
1546899065.656106475	19	-1.75049	-0.0249491	2.56707	0.987127	-0.0166247	0.155801	0.0320886	
1546899065.745530447	19	-1.77239	-0.0116982	2.46642	0.984141	-0.0174023	0.173434	0.0329121	
1546899065.835580988	19	-1.79599	0.0127806	2.29411	0.981442	-0.0124899	0.191107	0.00972671	
1546899065.920982690	19	-1.72677	0.0275804	2.2878	0.985098	-0.0064567	0.171555	-0.0104227	
1546899066.163186407	19	-0.779199	0.00984605	2.42652	-0.999783	0.00492078	-0.0201879	0.00120129	
1546899066.249321350	19	-0.767849	-0.000289919	2.29982	-0.999948	0.00905418	-0.00285437	0.00383373	
1546899066.339355452	19	-0.778531	0.00557982	2.15009	-0.999605	0.00476957	-0.0245575	0.0128113	
1546899066.429443363	19	-0.771168	0.0159138	2.00662	-0.999978	0.00652321	-0.00129907	-0.000661048	
1546899066.514129013	19	-0.783304	0.0178235	1.87171	-0.999541	0.00294202	-0.0206093	0.0220164	
1546899066.597432056	19	-0.78328	0.0332071	1.73619	-0.999839	0.000958646	-0.0148384	0.010058	
1546899066.679332196	19	-0.778584	0.0275617	1.63868	-0.999951	0.000906182	-0.0070052	0.0069169	
1546899066.768620552	19	-0.796517	0.0357032	1.52911	-0.999376	-0.0058506	-0.01643	0.0307065	
1546899066.857888400	19	-0.794684	0.0423785	1.38015	-0.999656	-0.00657439	-0.0119089	0.0224216	
1546899067.557867219	17	1.4609	0.010627	2.36304	-0.983459	-0.00941675	0.172017	0.0559389	
1546899067.650756203	17	1.4047	0.00681381	2.29104	0.948621	0.0354437	-0.305312	0.0751487	
1546899067.741168302	17	1.35447	0.00256567	2.16031	0.976991	-0.00242221	-0.203422	-0.0640452	
1546899067.821558527	17	1.18423	0.0173468	2.09046	0.926212	0.0423572	-0.371743	0.0462949	
1546899068.141706447	17	0.142626	0.0092224	1.90349	0.996462	0.0100184	0.0503291	-0.0665653	
1546899068.223421870	17	0.124054	0.0121843	1.75779	-0.996181	-0.00778458	-0.0457776	0.0739463	
1546899068.305589482	17	0.113288	0.0103658	1.65488	-0.996947	-0.0062411	-0.0490798	0.0604134	
1546899068.389196484	17	0.107945	0.0265263	1.54108	0.998556	0.00482196	0.0233933	-0.048129	
1546899068.467926756	17	0.0992128	0.0266173	1.43045	0.999938	0.00674891	0.00800865	0.00369602	
1546899068.545679185	17	0.0500568	0.0308148	1.28659	0.993891	0.0142329	0.0925591	-0.058406	
1546899074.001517734	13	0.309346	-0.0090405	2.61575	0.98235	0.00942779	0.133279	0.130903	
1546899074.084748861	13	0.273451	-0.0242574	2.59889	0.980807	0.0205542	-0.19382	-0.00536757	
1546899074.166736196	13	0.249584	-0.0114774	2.50175	0.984978	0.0239426	-0.169901	-0.0194446	
1546899074.249210596	13	0.207071	0.00252322	2.33504	0.982388	0.0129123	-0.186392	0.00228123	
1546899074.332996591	13	0.192153	0.0024234	2.28171	0.988539	0.0181666	-0.149059	0.0155731	
1546899074.416438314	13	0.172037	0.00476371	2.1338	0.990269	0.0155038	-0.137248	-0.0170089	
1546899074.499369044	13	0.156151	0.0218135	2.02469	0.986225	0.0165074	-0.161755	-0.0303937	
1546899074.582464621	13	0.15811	0.0201225	1.91468	0.994957	0.0161922	0.0967617	0.0208845	
1546899074.666210533	13	0.137193	0.0192214	1.76998	0.991492	0.0162307	-0.124327	-0.0349663	
1546899074.754542994	13	0.116353	0.031102	1.66416	-0.989123	-0.0152611	0.141157	0.0384278	
1546899074.837110015	13	0.0635651	0.0200705	1.52471	0.992161	0.0249687	-0.122449	-0.000520148	
1546899074.915311481	13	-0.159436	0.023387	1.31396	-0.991236	-0.0194479	0.0563513	0.117889	
1546899074.995253130	13	-0.335367	0.0344714	1.21872	0.999556	0.0202386	0.00221186	0.0217423	
1546899077.913645724	19	-0.335985	-0.0403667	3.03437	-0.975497	-0.00168401	-0.206042	0.0771303	
1546899078.088839755	19	-0.337407	-0.0266874	2.80547	-0.995253	0.000809116	0.0667056	-0.0708644	
1546899078.259630712	19	-0.339967	-0.00373718	2.58267	-0.984607	-0.00514408	-0.165895	0.0547901	
1546899078.345299887	19	-0.342611	-0.00684531	2.47523	-0.997135	0.00596502	-0.017181	-0.0734223	
1546899078.430873010	19	-0.351663	0.00731308	2.37591	0.997743	-0.00838513	0.0171145	0.0643865	
1546899078.524653434	19	-0.350436	-0.0129261	2.22925	-0.989098	-0.00290168	-0.137797	0.0518503	
1546899078.612082627	19	-0.361718	-0.000371554	2.11367	-0.993816	-0.0042715	-0.105366	0.034789	
1546899078.696498924	19	-0.372142	-0.00052155	1.95462	0.996161	-0.00267838	0.0840493	0.0243261	
1546899078.788660204	19	-0.370051	0.0135434	1.83109	-0.998991	0.000731965	-0.0437292	0.0102065	
1546899078.874430600	19	-0.375101	0.0136715	1.7379	-0.99269	-0.00489022	-0.112639	0.0430683	
1546899078.957255677	19	-0.378431	0.01988	1.56854	-0.995162	-0.000258062	-0.0981873	0.00340307	
1546899079.039080533	19	-0.401607	0.0266785	1.45578	-0.996928	-0.0136773	-0.0705615	0.0311184	
1546899079.769229394	17	2.3068	0.00829717	2.56918	0.91202	0.0502261	-0.39586	0.0948231	
1546899079.852127846	17	2.2492	0.00549193	2.41933	-0.962366	-0.0119595	0.263814	0.0641085	
1546899080.343108758	17	0.517604	-0.0122878	2.54754	-0.99728	-0.0104058	0.0650636	0.0330296	
1546899080.425914505	17	0.442761	-0.00812477	2.41473	-0.996866	-0.0175155	-0.0402868	0.0657871	
1546899080.599269866	17	-0.0372275	-0.0025035	2.18994	0.995541	0.00452759	0.0866987	-0.0368819	
1546899080.688702720	17	-0.0703662	0.00751089	2.02935	0.996186	0.0027171	0.077056	-0.0408503	
1546899080.777851177	17	-0.0845417	-0.00159838	1.92938	-0.996569	-0.00569397	-0.0708033	0.042489	
1546899080.868200761	17	-0.107532	0.0197583	1.75264	-0.998565	0.000258561	0.0209774	-0.0492759	
1546899080.947785188	17	-0.123358	0.0198918	1.65538	-0.993113	-0.00521001	-0.0955996	0.067528	
1546899081.030295038	17	-0.128011	0.0258208	1.54716	-0.996975	-0.0037552	-0.0742203	0.0227407	
1546899081.110583454	17	-0.142045	0.0248057	1.39839	-0.994821	-0.00493259	-0.0851585	0.055269	
1546899081.191204944	17	-0.168904	0.0282693	1.2883	-0.992812	-0.0144754	-0.112431	0.0383835	
1546899085.661224131	13	1.30353	0.00237896	2.74996	0.863768	0.0212475	-0.501577	-0.0432773	
1546899085.975988872	13	0.763361	-0.0120125	2.52536	-0.913841	-0.0148955	0.40009	0.0678272	
1546899086.058349220	13	0.738017	-0.00701737	2.42858	-0.989666	-0.0261494	-0.134585	-0.0420011	
1546899086.140447835	13	0.69694	0.0095022	2.28632	-0.917781	-0.0172552	0.391114	0.0664155	
1546899086.224348159	13	0.678585	0.0187603	2.18558	-0.915892	-0.0104279	0.398408	0.0479924	
1546899086.305697000	13	0.662003	0.00503271	2.11138	-0.920448	-0.0109492	0.385487	0.063678	
1546899086.393701129	13	0.631915	0.0234247	1.96287	-0.924634	-0.00515328	0.377503	0.0501631	
1546899086.469102500	13	0.61659	0.0160302	1.87262	-0.922954	-0.00474602	0.380871	0.0554155	
1546899086.551913953	13	0.601575	0.0235578	1.72951	-0.924472	-0.0105169	0.379676	0.0329791	
1546899086.633854401	13	0.594726	0.0193747	1.6322	-0.923343	-0.00791455	0.381058	0.0465899	
1546899086.716911960	13	0.566158	0.0340471	1.5293	-0.929235	-0.0203629	0.367293	0.0346777	
1546899086.795665734	13	0.435005	0.0339999	1.45922	-0.940713	-0.023175	0.337196	0.0286507	
1546899086.874721144	13	0.168042	0.036032	1.33792	-0.964013	-0.0230667	0.264216	0.0183723	
1546899086.956479637	13	0.006372	0.0363589	1.23748	-0.976748	-0.0237133	0.210924	0.0301998	
1546899090.051238504	19	-0.31019	-0.0249393	2.8932	0.995767	-0.0104452	-0.0376103	0.0832173	
1546899090.139866947	19	-0.332472	-0.00986213	2.72024	-0.996781	0.00400429	0.0569345	-0.0562976	
1546899090.230207872	19	-0.344712	0.00456783	2.60687	-0.978436	-0.00827825	-0.187616	0.0859925	
1546899090.316772205	19	-0.375676	0.00118807	2.45878	0.980353	0.00367533	0.191521	-0.0470599	
1546899090.402594760	19	-0.382857	0.003372	2.34807	-0.981073	-0.00782976	-0.182027	0.0655714	
1546899090.489923560	19	-0.405772	0.0155083	2.23923	-0.979241	-0.00863151	-0.185325	0.0816497	
1546899090.582931084	19	-0.425421	0.00664104	2.11229	0.996722	-0.00672488	0.0556144	0.0583725	
1546899090.669361606	19	-0.432106	0.00445166	1.96136	-0.984856	-0.0106173	-0.157184	0.0723786	
1546899090.755409717	19	-0.43773	0.0143537	1.83468	-0.986254	-0.00329368	-0.160658	0.0384947	
1546899090.842297805	19	-0.434025	0.0123214	1.72799	-0.987849	-0.00487949	-0.144129	0.0579425	
1546899090.928013149	19	-0.440446	0.0256172	1.59839	-0.987684	-0.0109406	-0.138715	0.0715405	
1546899091.176210847	19	-0.761929	0.0470386	1.10881	-0.965308	0.00857772	-0.260893	-0.00654197	
1546899091.915225517	17	1.33432	-0.0333253	2.96118	0.953348	0.0573641	-0.289191	0.0648582	
1546899092.166863915	17	0.599217	-0.0300983	2.75351	-0.978335	-0.0168059	0.200726	-0.0478237	
1546899092.254173070	17	0.58238	-0.0212259	2.63286	0.975965	0.0189009	-0.216154	0.0202947	
1546899092.339971906	17	0.546777	-0.0301835	2.52517	0.984346	0.0137642	-0.172097	0.0354366	
1546899092.440286538	17	0.53174	-0.0145281	2.42895	0.984587	0.0101589	-0.174593	0.00178192	
1546899092.536706322	17	0.49971	0.00275797	2.25118	-0.992117	-0.00200747	0.103337	0.070857	
1546899092.792778172	17	-0.0903826	0.0100914	1.8884	0.998248	0.00769225	-0.01235	0.0573434	
1546899092.880389356	17	-0.118198	0.0209237	1.75987	-0.993821	-0.00722683	-0.0993378	0.0489916	
1546899092.973926746	17	-0.137934	0.0190651	1.66335	-0.995094	-0.00614227	-0.0728942	0.0666134	
1546899093.057457387	17	-0.161836	0.0202708	1.48389	-0.99889	0.00117736	-0.026389	-0.0390049	
1546899093.138812302	17	-0.188463	0.0179501	1.35991	0.99895	0.00600179	0.0209937	0.0402784	
1546899098.170773540	13	1.99928	0.017565	2.50905	0.876551	0.0494471	-0.47836	0.0196286	
1546899098.251607505	13	1.89313	0.0175788	2.41858	0.881929	0.0393067	-0.469457	0.0163188	
1546899098.555653432	13	0.961485	-0.0050073	2.43644	0.946981	0.025477	-0.318928	0.0293814	
1546899098.636451649	13	0.954414	-0.00288044	2.37743	0.950883	0.0236911	-0.308388	-0.0125409	
1546899098.718429648	13	0.889003	0.0136506	2.25613	0.963932	0.0281676	-0.263517	0.0244955	
1546899098.801551219	13	0.708932	0.0204778	2.12201	-0.960381	-0.00807681	0.244604	0.133311	
1546899098.891835958	13	0.424309	0.0186159	2.07053	-0.976082	-0.00423349	0.172049	0.132838	
1546899098.969916662	13	0.312055	0.00901486	2.06386	0.987179	0.0179562	-0.154941	-0.0338824	
1546899099.060985630	13	0.283395	0.0198116	1.91197	0.99852	0.0199623	0.0270815	0.0427384	
1546899099.149556691	13	0.251229	0.0255396	1.76791	0.987096	0.0140437	-0.154087	-0.0412385	
1546899099.233999504	13	0.23771	0.0296959	1.6763	0.986747	0.0146552	-0.156837	-0.0389578	
1546899099.318887671	13	0.23118	0.0363126	1.57034	-0.999808	-0.0149063	0.00177237	-0.012616	
1546899099.403782155	13	0.218396	0.0430665	1.44059	-0.998878	-0.0165964	-0.0207235	-0.0392133	
1546899099.488407780	13	0.200797	-0.00149547	1.29054	-0.992506	-0.0116343	0.114393	0.0413644	
1546899099.572483448	13	0.19155	-0.0096827	1.22729	-0.991218	-0.00517012	0.125188	0.0422926	
1546899099.656707722	13	0.186492	-0.00709086	1.18603	-0.992571	-0.00227366	0.112396	0.0465379	
1546899099.741084032	13	0.182465	-0.00426037	1.15881	-0.986852	-0.00396933	0.15202	0.0547565	
1546899099.826374572	13	0.17942	-0.000221979	1.14314	-0.987414	-0.00425281	0.15025	0.0491955	
1546899099.911228872	13	0.171331	0.00384633	1.14631	-0.992079	-0.00500875	0.120369	0.0355752	
1546899099.995303188	13	0.161685	0.00975969	1.15269	-0.990627	-0.00663468	0.13245	0.0327247	
1546899100.081643881	13	0.167404	0.0108245	1.15342	-0.990353	-0.00677147	0.135661	0.0273999	
1546899100.168319089	13	0.172362	0.0126969	1.15595	-0.991458	-0.0103149	0.120038	0.0499521	
1546899100.254098593	13	0.174305	0.0135076	1.15912	-0.989997	-0.00924405	0.131123	0.051265	
1546899100.338456645	13	0.174599	0.0145507	1.15834	-0.988805	-0.00842105	0.140076	0.0507209	
1546899100.430901890	13	0.174371	0.0144915	1.15857	-0.989285	-0.00878234	0.13729	0.0488772	
1546899100.519784669	13	0.149641	0.0541755	1.14966	-0.99157	-0.0138077	0.124981	0.0312615	
1546899100.604884829	13	0.112711	0.05024	1.11069	-0.992936	-0.0179313	0.116908	0.00943555	
1546899100.690425528	13	0.029899	0.0461736	1.05638	-0.996274	-0.0161056	0.0837698	0.0127107	
1546899100.776463308	13	-0.0443068	0.0475925	0.999914	-0.99853	-0.0175492	0.0458515	0.022987	
1546899100.861729666	13	-0.101915	0.0432422	0.945587	-0.998933	-0.017033	0.0307282	0.029973	
1546899100.948501487	13	-0.144984	0.0462548	0.905598	-0.999272	-0.014609	0.021016	0.0282976	
1546899101.038133216	13	-0.225571	0.0660652	0.829374	-0.999674	-0.0152002	-0.0203532	0.00245119	
