1548715097.836567768	17	0.333462	-0.598506	2.44863	-0.971586	0.0176061	0.0501265	0.230648	
1548715098.013002153	17	0.0910329	-0.60522	2.27471	-0.963782	0.0293845	-0.0329924	0.263007	
1548715098.071689912	17	-0.0151461	-0.604593	2.21819	-0.963233	0.0271503	-0.0616035	0.260095	
1548715098.131234672	17	-0.0819918	-0.593039	2.18208	-0.965186	0.0151847	-0.0154676	0.260664	
1548715098.192769596	17	-0.13462	-0.565597	2.14492	-0.967667	0.0236375	-0.0756324	0.239461	
1548715098.255003350	17	-0.153499	-0.540705	2.10139	-0.966944	0.0212188	-0.0612849	0.246603	
1548715098.317778030	17	-0.149667	-0.509919	2.03866	-0.96494	0.008479	-0.0106976	0.262116	
1548715098.380272740	17	-0.134038	-0.494255	1.99736	-0.965759	0.026753	-0.0827683	0.244423	
1548715098.442564639	17	-0.0933985	-0.477787	1.96862	-0.969007	0.0202021	-0.0402025	0.242902	
1548715098.505302715	17	-0.0389356	-0.464782	1.92752	-0.969985	0.0106692	0.00115471	0.24293	
1548715098.567659166	17	-0.00627549	-0.458642	1.89124	-0.970198	0.0128654	0.00754585	0.241854	
1548715098.630974967	17	0.0424367	-0.466031	1.84849	-0.967686	0.0162881	-0.0173308	0.251033	
1548715098.695267638	17	0.0693571	-0.463967	1.79809	-0.971657	0.0178256	-0.00894299	0.235553	
1548715098.760503750	17	0.094915	-0.45652	1.75363	-0.971808	0.0181355	-0.00773675	0.234947	
1548715098.826223684	17	0.103767	-0.446904	1.69739	-0.968212	0.0237317	-0.0111521	0.248752	
1548715098.891553610	17	0.10914	-0.436669	1.67143	-0.973373	0.0153972	0.0267838	0.227135	
1548715098.956444411	17	0.103172	-0.422981	1.61436	-0.969463	0.0113634	0.0364463	0.24225	
1548715099.021766635	17	0.090818	-0.404998	1.56108	-0.970461	0.0177256	0.0244286	0.239362	
1548715099.090282011	17	0.0781235	-0.379811	1.5125	-0.970757	0.0222698	-0.0248389	0.237736	
1548715099.155482145	17	0.0458759	-0.35541	1.47254	-0.970674	0.0203688	-0.0214215	0.238577	
1548715099.218523189	17	-0.00902469	-0.327827	1.41602	-0.971478	0.0204363	-0.0566194	0.229364	
1548715099.279518923	17	-0.0893513	-0.304304	1.36266	-0.972498	0.0189121	-0.0467849	0.227377	
1548715099.338237373	17	-0.184349	-0.278288	1.29559	-0.967338	0.0211488	-0.112366	0.226237	
1548715099.397018279	17	-0.263518	-0.26683	1.24151	-0.961285	0.0236726	-0.145544	0.232783	
1548715099.455694946	17	-0.362489	-0.247049	1.16487	-0.95114	0.0325626	-0.21173	0.222357	
1548715099.514281408	17	-0.43557	-0.224954	1.10645	-0.944914	0.0376681	-0.244412	0.214431	
1548715099.571538578	17	-0.528691	-0.200842	1.02186	-0.931591	0.0428059	-0.305421	0.192417	
1548715099.627970599	17	-0.598187	-0.1757	0.947803	-0.914607	0.0472594	-0.352065	0.193162	
1548715099.955044606	6	1.6743	-0.891238	2.58116	-0.913675	-0.0607762	0.38387	0.118944	
1548715100.014141002	6	1.58249	-0.920515	2.63876	-0.92663	-0.0359969	0.328327	0.179618	
1548715100.133701034	6	1.38131	-0.949427	2.64416	-0.968759	-0.00678526	0.129307	0.211518	
1548715100.193115012	6	1.2696	-0.93384	2.60094	-0.945446	-0.0574004	0.310153	0.0814964	
1548715100.251818280	6	1.20312	-0.917967	2.6596	-0.944913	-0.0228098	0.28237	0.163968	
1548715100.314905784	6	1.13653	-0.887781	2.66611	-0.948496	-0.0226824	0.255697	0.185633	
1548715100.377125554	6	1.05011	-0.863245	2.63645	-0.949676	-0.0257418	0.268603	0.159074	
1548715100.503924167	6	0.914577	-0.837707	2.65754	-0.980468	-0.00276671	0.096524	0.17134	
1548715100.630681469	6	0.744189	-0.871874	2.52376	-0.95974	-0.0299952	0.240075	0.1427	
1548715100.692596589	6	0.677282	-0.888867	2.52465	-0.96388	-0.0178793	0.184001	0.191729	
1548715100.754234231	6	0.593102	-0.880525	2.50067	-0.975488	-0.0220906	0.173363	0.13372	
1548715100.815839708	6	0.522775	-0.879075	2.47584	-0.978065	-0.0151758	0.145348	0.148433	
1548715100.876855526	6	0.438545	-0.842647	2.4308	-0.971239	-0.0186744	0.170831	0.164812	
1548715100.939591122	6	0.368714	-0.816782	2.43079	-0.983084	-0.0124797	0.129316	0.129099	
1548715101.003613351	6	0.311261	-0.758444	2.37749	-0.981689	-0.00700278	0.129309	0.139704	
1548715101.070374240	6	0.258091	-0.705764	2.34397	-0.979511	-0.00864306	0.136791	0.147549	
1548715101.136072528	6	0.207387	-0.647816	2.32637	-0.989144	-0.00123051	0.103545	0.104262	
1548715101.200824619	6	0.181254	-0.577463	2.29518	-0.990311	0.0032234	0.0931405	0.102951	
1548715101.267522065	6	0.162494	-0.549236	2.23958	-0.987828	0.0227781	-0.056582	0.14309	
1548715101.333627876	6	0.153458	-0.532315	2.20478	-0.981315	0.00974458	0.0653339	0.180712	
1548715101.403285661	6	0.152446	-0.500769	2.14977	-0.989288	0.00574615	0.0672867	0.129419	
1548715101.471933220	6	0.171228	-0.464821	2.09995	-0.983853	0.00546703	0.062955	0.16745	
1548715101.541039137	6	0.190244	-0.430439	2.05664	-0.998244	0.010825	0.0313923	0.0490544	
1548715101.609136233	6	0.212035	-0.408842	1.98464	-0.979757	0.00489889	0.102449	0.171921	
1548715101.676686965	6	0.249319	-0.392214	1.92767	-0.988958	0.00544395	0.110867	0.098186	
1548715101.742248503	6	0.26075	-0.3937	1.87705	-0.989853	0.00586167	0.0727857	0.1219	
1548715101.807546167	6	0.263146	-0.38131	1.83734	-0.99277	0.00279386	0.099241	0.0674559	
1548715101.873261677	6	0.250916	-0.371704	1.79023	-0.992134	0.0121745	0.0211159	0.122785	
1548715101.938688389	6	0.224098	-0.377515	1.73807	-0.986683	0.0121923	0.0300579	0.159388	
1548715102.003467435	6	0.180192	-0.38655	1.69197	-0.990104	0.0168371	-0.0122194	0.138786	
1548715102.069083346	6	0.122984	-0.391679	1.62435	-0.982442	0.0260163	-0.0424423	0.179802	
1548715102.133963728	6	0.0503449	-0.393172	1.58467	-0.990115	0.0206816	-0.0430914	0.131865	
1548715102.198123523	6	-0.0342274	-0.38566	1.52703	-0.980504	0.0225683	-0.0613023	0.185324	
1548715102.259944108	6	-0.120936	-0.369517	1.45945	-0.976515	0.030503	-0.109235	0.18318	
1548715102.322955550	6	-0.204232	-0.357732	1.39752	-0.97577	0.0319805	-0.117375	0.181862	
1548715102.386505097	6	-0.263306	-0.331975	1.34688	-0.975345	0.0351485	-0.142557	0.164753	
1548715102.452042634	6	-0.342596	-0.307171	1.28032	-0.975412	0.0392382	-0.154791	0.151892	
1548715102.515838747	6	-0.426954	-0.27922	1.19689	-0.962758	0.0464941	-0.21243	0.160651	
1548715102.578904734	6	-0.511531	-0.236853	1.11412	-0.95451	0.0512732	-0.247138	0.158763	
1548715102.643558553	6	-0.580175	-0.214551	1.02049	-0.946751	0.0539834	-0.276311	0.156206	
1548715102.708938709	6	-0.642017	-0.179208	0.926897	-0.93403	0.0591493	-0.314543	0.158597	
1548715104.986361411	19	0.0762257	-0.998298	3.81506	-0.979806	0.0128184	-0.0990934	0.173194	
1548715105.761999177	19	0.29071	-0.758481	3.00885	-0.97988	0.0030248	0.179859	0.0864706	
1548715105.831711299	19	0.296815	-0.748136	2.88697	-0.98106	0.000248529	0.188029	0.046552	
1548715105.902536938	19	0.320764	-0.755814	2.832	-0.97455	0.0352286	-0.0940381	0.200421	
1548715105.973287487	19	0.307414	-0.751158	2.76654	-0.980853	0.0288415	-0.0896436	0.170471	
1548715106.042742764	19	0.265441	-0.740814	2.72147	-0.975878	0.0297226	-0.0853236	0.198741	
1548715106.112394173	19	0.197104	-0.705465	2.63475	-0.983955	-0.00775497	0.166476	0.0637067	
1548715106.182409587	19	0.130901	-0.703456	2.60816	-0.977036	0.0271165	-0.0747462	0.197683	
1548715106.250424359	19	0.0964253	-0.686395	2.55056	-0.97578	0.0253184	-0.0842837	0.200274	
1548715106.317373588	19	0.0734956	-0.67832	2.48946	-0.979589	0.0309099	-0.0873977	0.178356	
1548715106.382552606	19	0.06533	-0.656085	2.41531	-0.977166	0.0317656	-0.0981226	0.185767	
1548715106.446418314	19	0.0760458	-0.612321	2.36564	-0.990513	0.00301242	0.0941329	0.100069	
1548715106.510309059	19	0.105231	-0.576824	2.3282	-0.989357	0.0264405	-0.0612354	0.129324	
1548715106.574460589	19	0.136177	-0.564617	2.27948	-0.99123	0.0131541	0.0586036	0.117712	
1548715106.639055540	19	0.163932	-0.552512	2.21276	-0.990156	0.00565015	0.105278	0.0920592	
1548715106.702929617	19	0.18764	-0.563879	2.13517	-0.980637	0.0315656	-0.0473996	0.18737	
1548715106.765423596	19	0.208344	-0.574934	2.06858	-0.981303	0.030163	-0.0365751	0.186542	
1548715106.827588124	19	0.226483	-0.594165	2.01249	-0.991166	0.0156559	0.0148104	0.130867	
1548715106.889117930	19	0.231381	-0.600936	1.95206	-0.985566	0.0134947	0.0530012	0.160215	
1548715106.950448360	19	0.226333	-0.577306	1.90098	-0.983768	0.00882061	0.0919421	0.153847	
1548715107.014279242	19	0.213489	-0.546667	1.84289	-0.981973	0.0307662	-0.024797	0.184843	
1548715107.077118899	19	0.183916	-0.527765	1.79899	-0.991988	0.00878993	0.0807691	0.0967464	
1548715107.139449579	19	0.157607	-0.49965	1.75469	-0.982187	0.0290108	-0.0407868	0.181115	
1548715107.202022993	19	0.110766	-0.45222	1.71322	-0.981321	0.0292245	-0.0590874	0.180731	
1548715107.265267035	19	0.0455782	-0.420854	1.67679	-0.994153	0.0235226	-0.0306102	0.100841	
1548715107.328710404	19	-0.0351787	-0.398182	1.62199	-0.995357	0.0241557	0.0193907	0.0911352	
1548715107.391990524	19	-0.10953	-0.380343	1.55461	-0.976775	0.0375273	-0.10772	0.181379	
1548715107.455421126	19	-0.169515	-0.374362	1.50778	-0.977642	0.038088	-0.113436	0.172908	
1548715107.517452217	19	-0.250027	-0.355097	1.44099	-0.973234	0.0410426	-0.148937	0.170144	
1548715107.579716199	19	-0.337162	-0.334115	1.37121	-0.972439	0.0461411	-0.161452	0.161763	
1548715107.642430156	19	-0.413202	-0.321085	1.2927	-0.961709	0.0514987	-0.207414	0.171587	
1548715107.706665725	19	-0.489123	-0.287005	1.21805	-0.956167	0.0560418	-0.232843	0.16849	
1548715107.770063400	19	-0.53721	-0.270043	1.15926	-0.950951	0.061302	-0.256573	0.161568	
1548715107.833734187	19	-0.597326	-0.226748	1.08545	-0.944209	0.0655244	-0.28451	0.152415	
1548715107.896323363	19	-0.647798	-0.199436	1.00814	-0.938073	0.0700062	-0.30589	0.146797	
1548715107.959306621	19	-0.695241	-0.175818	0.928666	-0.934084	0.0765506	-0.321084	0.136129	
1548715108.299657934	11	2.18257	-0.886518	2.51406	-0.898484	-0.0773361	0.429931	0.0436583	
1548715109.090905669	11	0.263681	-0.754128	2.832	-0.993635	0.0487787	-0.076296	0.0670074	
1548715109.152218960	11	0.124854	-0.754202	2.86477	-0.986886	0.022944	0.107798	0.117937	
1548715109.214508131	11	-0.0213518	-0.721178	2.7892	0.982903	-0.00709608	-0.0914251	-0.159664	
1548715109.340928028	11	-0.205239	-0.664027	2.68282	-0.976325	0.0176177	0.0315993	0.213261	
1548715109.405526400	11	-0.236632	-0.640729	2.64689	-0.980778	0.0243955	0.0420923	0.188965	
1548715109.470625096	11	-0.245623	-0.622433	2.61318	-0.988921	0.0246258	0.00470288	0.146313	
1548715109.534827512	11	-0.227906	-0.597248	2.55138	0.992232	-0.0480076	0.108016	-0.0387683	
1548715109.598209332	11	-0.191499	-0.565805	2.49019	-0.991425	0.0421818	-0.119695	0.0311635	
1548715109.661571674	11	-0.140835	-0.541676	2.45241	-0.982242	0.0166484	0.0430313	0.181859	
1548715109.725276839	11	-0.100841	-0.511959	2.41666	-0.991255	0.0218056	0.0357901	0.12513	
1548715109.789733931	11	-0.0714206	-0.492894	2.37512	-0.992761	0.0390417	-0.0935756	0.0643797	
1548715109.854538702	11	-0.0493563	-0.459025	2.30321	-0.981858	0.0166248	0.0648515	0.177404	
1548715109.917001099	11	-0.0576266	-0.447117	2.26664	-0.984577	0.0391523	-0.0629169	0.158485	
1548715109.978375097	11	-0.069145	-0.429024	2.21238	-0.986205	0.028003	0.000252843	0.163143	
1548715110.039787636	11	-0.0624586	-0.406538	2.14373	-0.985873	0.0227624	0.0294722	0.1633	
1548715110.102418811	11	-0.0446985	-0.369981	2.11425	-0.990984	0.0244582	0.0303439	0.128183	
1548715110.165523810	11	-0.000829398	-0.348187	2.07114	-0.989776	0.0254002	0.0276441	0.137602	
1548715110.228634626	11	0.0345767	-0.35449	2.00018	-0.986505	0.0235693	0.0416919	0.156569	
1548715110.290015433	11	0.060199	-0.376808	1.94141	-0.984287	0.0237093	0.0502962	0.167592	
1548715110.353518751	11	0.0770403	-0.377769	1.89882	-0.987838	0.0348336	-0.0341427	0.147639	
1548715110.412450778	11	0.0938853	-0.376398	1.83974	-0.985246	0.0253977	0.0521327	0.161021	
1548715110.473631934	11	0.103686	-0.378727	1.78832	-0.984894	0.0189505	0.0410404	0.167156	
1548715110.534956112	11	0.0990604	-0.378018	1.74202	-0.979042	0.0180605	0.0617014	0.193244	
1548715110.597306931	11	0.110546	-0.381702	1.70436	-0.985126	0.0234983	0.0379913	0.165928	
1548715110.659122783	11	0.108752	-0.379827	1.64413	-0.982463	0.0227855	0.0219821	0.183752	
1548715110.719166679	11	0.0945863	-0.370298	1.6121	-0.993802	0.0253047	-0.0108979	0.107701	
1548715110.779917084	11	0.0675141	-0.355796	1.55258	-0.982661	0.0205464	0.0395536	0.179973	
1548715110.836974599	11	0.00550184	-0.339749	1.50722	-0.986317	0.0248759	0.000280882	0.162974	
1548715110.894996581	11	-0.0493279	-0.325553	1.47102	-0.993454	0.0269378	-0.00480274	0.110909	
1548715110.950619161	11	-0.133086	-0.298363	1.41346	-0.98565	0.0351287	-0.0820492	0.143276	
1548715111.007340908	11	-0.199984	-0.279181	1.36875	-0.981974	0.0376593	-0.111336	0.148032	
1548715111.063856699	11	-0.264303	-0.264369	1.32038	-0.977015	0.0403029	-0.13807	0.157333	
1548715111.122854424	11	-0.353401	-0.242148	1.25155	-0.972943	0.0470372	-0.17321	0.145492	
1548715111.182625219	11	-0.421042	-0.228606	1.19748	-0.9666	0.0506318	-0.202922	0.148131	
1548715111.242806766	11	-0.510861	-0.207054	1.12007	-0.960461	0.0597933	-0.237554	0.132315	
1548715111.303862400	11	-0.596795	-0.185613	1.03151	-0.943906	0.0653443	-0.291611	0.140478	
1548715111.366336981	11	-0.655355	-0.170403	0.962222	-0.939692	0.0713942	-0.307527	0.131561	
1548715115.070067434	17	0.263662	-0.631078	2.45053	-0.973623	0.0202683	-0.0311025	0.225122	
1548715115.195106682	17	0.301709	-0.626343	2.32778	-0.963467	0.0139859	0.0511853	0.262517	
1548715115.258705389	17	0.296465	-0.603629	2.25857	-0.968228	0.0220723	0.0126095	0.248772	
1548715115.320550373	17	0.282003	-0.594436	2.23232	-0.970538	0.0137962	0.0518804	0.23489	
1548715115.382963179	17	0.248093	-0.594589	2.17154	-0.970185	0.0196284	0.00941486	0.241386	
1548715115.444092125	17	0.213267	-0.592958	2.1053	-0.967084	0.0196736	-0.0012041	0.253692	
1548715115.504608027	17	0.181417	-0.590819	2.05077	-0.965296	0.0173482	0.0254714	0.259332	
1548715115.564873029	17	0.148112	-0.604397	2.0164	-0.969102	0.0155471	0.0275092	0.244627	
1548715115.625863596	17	0.104081	-0.58405	1.94733	-0.965006	0.0195473	-1.36613e-05	0.2615	
1548715115.687300909	17	0.0785184	-0.56764	1.88836	-0.960737	0.0145235	0.00858	0.276946	
1548715115.749249482	17	0.0559753	-0.559831	1.84749	-0.966246	0.014264	0.00966488	0.257044	
1548715115.812125555	17	0.026331	-0.550602	1.79089	-0.965245	0.0329574	-0.0693754	0.249805	
1548715115.876237104	17	0.00531833	-0.513471	1.74359	-0.970303	0.0122984	0.0137882	0.241188	
1548715115.941187208	17	-0.0114766	-0.489791	1.67521	-0.965715	0.0306445	-0.0596114	0.250804	
1548715116.007522593	17	-0.0321461	-0.468091	1.6413	-0.968611	0.0160375	0.0052388	0.248007	
1548715116.072612126	17	-0.0510756	-0.446509	1.58814	-0.971486	0.0161647	-0.0079057	0.236415	
1548715116.138995664	17	-0.0685455	-0.399705	1.53342	-0.969942	0.0252076	-0.0463237	0.237551	
1548715116.205142527	17	-0.068205	-0.376089	1.47591	-0.971205	0.0198705	-0.0259329	0.235994	
1548715116.272243179	17	-0.083206	-0.350835	1.41845	-0.970332	0.0236189	-0.0539354	0.234499	
1548715116.337982447	17	-0.112934	-0.327445	1.35785	-0.970886	0.0244007	-0.0595757	0.23073	
1548715116.402751197	17	-0.159571	-0.297369	1.29961	-0.971049	0.0233714	-0.0737445	0.226008	
1548715116.465477768	17	-0.220867	-0.264976	1.23338	-0.966667	0.029699	-0.137512	0.213922	
1548715116.527527404	17	-0.300477	-0.225421	1.16535	-0.965134	0.0290695	-0.153245	0.210206	
1548715116.589520527	17	-0.360479	-0.202615	1.11554	-0.961124	0.0296242	-0.197875	0.190286	
1548715116.650727040	17	-0.444602	-0.182086	1.03195	-0.953413	0.0346926	-0.228688	0.193652	
1548715116.709692413	17	-0.523508	-0.163136	0.944735	-0.933453	0.04466	-0.312254	0.170788	
1548715116.768292348	17	-0.576246	-0.151277	0.873856	-0.919983	0.0498925	-0.347204	0.174904	
1548715117.300275777	6	1.26151	-0.817659	2.65693	-0.939075	-0.0398834	0.324698	0.105442	
1548715117.367711713	6	1.16096	-0.760522	2.75187	-0.960359	-0.0189273	0.245712	0.130297	
1548715117.437106530	6	1.04243	-0.699531	2.73402	-0.960809	-0.0297583	0.259088	0.0939897	
1548715117.571733325	6	0.843559	-0.643798	2.70376	-0.975274	-0.0189918	0.21849	0.0272374	
1548715117.639589050	6	0.749693	-0.632637	2.69918	-0.975447	-0.00842594	0.198592	0.0948356	
1548715117.708105373	6	0.663852	-0.628713	2.70653	-0.984302	-0.00394187	0.144628	0.101082	
1548715117.774215369	6	0.571015	-0.622315	2.67676	-0.986251	-0.00378142	0.140222	0.0873693	
1548715117.840832697	6	0.439462	-0.636419	2.63269	-0.984522	-0.00544478	0.135447	0.111089	
1548715117.907544217	6	0.334225	-0.637355	2.58395	-0.99195	0.00301171	0.101018	0.0763039	
1548715117.973414980	6	0.238121	-0.629451	2.53218	-0.99352	0.00469818	0.0987419	0.0560932	
1548715118.040605732	6	0.147427	-0.638537	2.45983	-0.990958	0.00561115	0.0991664	0.0902087	
1548715118.108859687	6	0.0546673	-0.648821	2.43198	-0.989813	0.0258173	-0.0402217	0.134115	
1548715118.178197214	6	-0.00290328	-0.644409	2.33157	-0.980012	0.0028972	0.0720042	0.185425	
1548715118.248143004	6	-0.0494467	-0.623057	2.29213	-0.986113	0.0148127	0.0444995	0.159318	
1548715118.318311191	6	-0.0628644	-0.604709	2.232	-0.996887	0.0193708	-0.00733865	0.0760739	
1548715118.386763619	6	-0.0623979	-0.564244	2.15425	-0.981719	0.0115647	0.0546931	0.181943	
1548715118.455161798	6	-0.0310656	-0.542656	2.11223	-0.986222	0.0100067	0.053966	0.156055	
1548715118.525885573	6	0.0134555	-0.49283	2.0734	-0.984475	0.0179705	0.021021	0.173331	
1548715118.597408861	6	0.0628495	-0.460553	2.02287	-0.987452	0.0139037	0.0425705	0.151435	
1548715118.666895386	6	0.0928883	-0.436978	1.95345	-0.984107	0.00919957	0.0528268	0.169284	
1548715118.735546728	6	0.106762	-0.39884	1.89293	-0.991148	0.0204466	-0.0329514	0.126973	
1548715118.803288342	6	0.0947268	-0.372307	1.83493	-0.984164	0.0118478	0.0388448	0.172546	
1548715118.872321583	6	0.0648969	-0.350706	1.77499	-0.985968	0.02557	-0.0272097	0.162708	
1548715118.942948120	6	0.031436	-0.340987	1.71371	-0.988741	0.0224557	-0.0657423	0.132534	
1548715119.013210532	6	-0.0175234	-0.318832	1.64442	-0.981145	0.0252365	-0.0874765	0.170486	
1548715119.082061030	6	-0.0810734	-0.32943	1.58404	-0.981603	0.0258702	-0.0935919	0.164399	
1548715119.148598485	6	-0.188011	-0.322816	1.50642	-0.990001	0.0244933	-0.0540278	0.127981	
1548715119.213609554	6	-0.280365	-0.307752	1.43249	-0.979461	0.0335481	-0.142637	0.138508	
1548715119.280940643	6	-0.358266	-0.286055	1.37746	-0.978453	0.037014	-0.154729	0.131599	
1548715119.347363920	6	-0.488982	-0.257663	1.2712	-0.96162	0.0445604	-0.231541	0.140323	
1548715119.413001416	6	-0.56342	-0.240347	1.20189	-0.954367	0.0521352	-0.25907	0.139097	
1548715119.478881585	6	-0.641764	-0.217058	1.11262	-0.947852	0.0547602	-0.280642	0.140775	
1548715119.547975308	6	-0.70394	-0.188227	1.0257	-0.935497	0.0585139	-0.315758	0.14737	
1548715123.556453604	19	0.184392	-0.69697	2.88285	-0.98056	0.0341312	-0.100285	0.165165	
1548715123.623977548	19	0.128053	-0.721817	2.7873	-0.979546	0.0297617	-0.100201	0.171939	
1548715123.691473265	19	0.0903292	-0.745278	2.75609	-0.983633	0.0301469	-0.0889287	0.153783	
1548715123.761376612	19	0.066127	-0.707511	2.68784	-0.974729	0.0367655	-0.113201	0.18904	
1548715123.829666280	19	0.0681129	-0.706309	2.62468	-0.973804	0.0291008	-0.10293	0.200657	
1548715123.897298275	19	0.0865686	-0.681003	2.58406	-0.976119	0.0276545	-0.087822	0.196762	
1548715123.963756689	19	0.135661	-0.702633	2.52073	-0.981245	0.0270013	-0.0689199	0.177985	
1548715124.027770213	19	0.178859	-0.701339	2.42809	-0.98645	-0.000478526	0.140527	0.0846613	
1548715124.090370989	19	0.2094	-0.699259	2.36125	-0.977009	0.0306886	-0.0750863	0.197163	
1548715124.151831902	19	0.227833	-0.687504	2.32876	-0.985323	0.0268773	-0.0494424	0.161157	
1548715124.212634264	19	0.24939	-0.672992	2.28315	-0.985935	0.0179243	-0.0139641	0.165579	
1548715124.271502439	19	0.231449	-0.652792	2.18463	-0.978557	0.0278887	-0.0562291	0.196183	
1548715124.330367921	19	0.210127	-0.630255	2.16389	-0.988387	0.00320704	0.100681	0.113771	
1548715124.389377957	19	0.169111	-0.600738	2.07502	-0.975604	0.0310173	-0.072441	0.204909	
1548715124.448323838	19	0.122402	-0.590487	2.0564	-0.990858	0.00930714	0.0804145	0.107923	
1548715124.507749288	19	0.0574017	-0.578782	1.97983	-0.976853	0.0356495	-0.0778812	0.196014	
1548715124.567865302	19	0.0176178	-0.575189	1.9475	-0.990283	0.0115525	0.0388835	0.133019	
1548715124.628856651	19	-0.0241969	-0.557354	1.88246	-0.984491	0.0283958	-0.0476702	0.166428	
1548715124.689887868	19	-0.0318573	-0.539921	1.80567	-0.982014	0.0142758	0.0395669	0.184063	
1548715124.752359965	19	-0.0184277	-0.500439	1.74934	-0.973944	0.0345214	-0.0867988	0.206657	
1548715124.812767259	19	-0.00759326	-0.503371	1.71225	-0.979761	0.0299367	-0.0813043	0.180447	
1548715124.873679362	19	-0.00945597	-0.491938	1.65214	-0.979827	0.0182295	0.000970891	0.199013	
1548715124.935723459	19	0.00535332	-0.477912	1.58878	-0.983894	0.0168864	0.0129822	0.177479	
1548715124.999791997	19	-0.000522716	-0.45986	1.55139	-0.979291	0.0287202	-0.0528693	0.193311	
1548715125.062226952	19	-0.0276517	-0.443903	1.49605	-0.982574	0.0277857	-0.0370176	0.180015	
1548715125.124879788	19	-0.0686955	-0.406588	1.44264	-0.983256	0.0329414	-0.0485242	0.172535	
1548715125.188148104	19	-0.0966281	-0.394072	1.40067	-0.985404	0.038531	-0.08154	0.144381	
1548715125.249557051	19	-0.14973	-0.370686	1.33928	-0.977947	0.0410425	-0.0945501	0.181648	
1548715125.310766592	19	-0.214155	-0.35827	1.27414	-0.977573	0.0449369	-0.114539	0.170917	
1548715125.372027195	19	-0.287395	-0.333512	1.20394	-0.966564	0.0507584	-0.163906	0.190557	
1548715125.434917053	19	-0.341834	-0.318352	1.15154	-0.965143	0.0550508	-0.178597	0.183223	
1548715125.496356156	19	-0.410055	-0.29277	1.07935	-0.955104	0.0628647	-0.224116	0.183292	
1548715125.557118976	19	-0.474639	-0.261328	1.00667	-0.951108	0.0711533	-0.24586	0.172869	
1548715125.617155214	19	-0.513159	-0.234655	0.951674	-0.942422	0.0749567	-0.27727	0.171298	
1548715125.677770991	19	-0.566424	-0.19278	0.875772	-0.937261	0.0786795	-0.29778	0.163336	
1548715126.091319562	11	2.27735	-0.82151	2.54279	-0.91915	-0.000494919	0.339749	0.199332	
1548715126.839474746	11	0.177395	-0.812356	2.89903	0.996137	-0.0402654	0.0665096	-0.0408228	
1548715126.901824496	11	0.185111	-0.807988	2.84161	0.989635	-0.0450527	0.0901043	-0.102345	
1548715126.962088297	11	0.215733	-0.792951	2.78621	0.992936	-0.0449905	0.0785685	-0.0766842	
1548715127.023613089	11	0.237335	-0.772958	2.75162	-0.989171	0.0113953	0.134212	0.0582891	
1548715127.084083282	11	0.246215	-0.752853	2.68611	-0.988022	0.0103572	0.145373	0.0507206	
1548715127.144230044	11	0.216731	-0.760077	2.64793	0.989348	-0.0141401	-0.111832	-0.0921099	
1548715127.204423655	11	0.170398	-0.788825	2.61358	0.988337	-0.0144998	-0.093213	-0.119548	
1548715127.263444820	11	0.084644	-0.781046	2.526	-0.978141	0.00673002	0.0890707	0.18778	
1548715127.322215764	11	-0.00444212	-0.769427	2.48135	-0.981427	0.0169875	0.0477099	0.185031	
1548715127.378725601	11	-0.0860078	-0.752967	2.41638	-0.991018	0.0244305	0.0696018	0.11154	
1548715127.434638631	11	-0.183606	-0.724143	2.35224	-0.981431	0.0479016	-0.118943	0.142656	
1548715127.492248249	11	-0.235909	-0.680962	2.30518	-0.98328	0.020653	0.00302093	0.180901	
1548715127.552545963	11	-0.265779	-0.638095	2.25519	-0.978916	0.0190395	0.00804224	0.203215	
1548715127.611558619	11	-0.297395	-0.599613	2.20974	-0.989402	0.0318423	-0.021534	0.140022	
1548715127.669603731	11	-0.288946	-0.562599	2.14093	-0.986445	0.0489264	-0.143145	0.0635755	
1548715127.728672125	11	-0.272506	-0.538905	2.11306	-0.9878	0.0434802	-0.123048	0.0849681	
1548715127.786628715	11	-0.22161	-0.498779	2.06453	-0.99054	0.0418214	-0.106851	0.0752581	
1548715127.844864943	11	-0.174391	-0.472152	2.01395	-0.979551	0.0148388	0.0221957	0.199418	
1548715127.903405130	11	-0.127019	-0.465839	2.0011	-0.996355	0.0344481	-0.024078	0.0742375	
1548715127.961189381	11	-0.0725326	-0.447195	1.9475	-0.984036	0.0180189	0.0136637	0.176524	
1548715128.019682991	11	-0.043664	-0.434862	1.90588	-0.985148	0.0314575	-0.0616467	0.15714	
1548715128.076996773	11	-0.0173909	-0.407204	1.85014	-0.995828	0.0270221	-0.068719	0.0536176	
1548715128.135752432	11	-0.0141939	-0.379275	1.81696	-0.998173	0.0252972	-0.00900901	0.0541284	
1548715128.194105407	11	-0.0292075	-0.353003	1.74529	-0.983351	0.0299686	-0.0792747	0.160743	
1548715128.252851138	11	-0.0568762	-0.351182	1.70719	-0.983715	0.0240186	-0.0477168	0.171612	
1548715128.309522367	11	-0.104833	-0.359963	1.63347	-0.982648	0.0192349	-0.0402618	0.180032	
1548715128.366583067	11	-0.142134	-0.369457	1.57555	-0.984374	0.0198865	-0.0244084	0.173251	
1548715128.423137163	11	-0.188239	-0.356578	1.51127	-0.982095	0.0304745	-0.087709	0.163913	
1548715128.478184357	11	-0.229211	-0.329355	1.45981	-0.98077	0.0333485	-0.113469	0.155248	
1548715128.534132943	11	-0.282284	-0.310157	1.40577	-0.977563	0.0358546	-0.127662	0.163668	
1548715128.590774596	11	-0.365574	-0.292743	1.32372	-0.979192	0.0377938	-0.144359	0.137535	
1548715128.646122706	11	-0.441903	-0.27472	1.24962	-0.965557	0.0466484	-0.209528	0.147045	
1548715128.702327111	11	-0.523494	-0.251746	1.17068	-0.953228	0.0523782	-0.255612	0.152565	
1548715128.760509461	11	-0.630202	-0.214678	1.0552	-0.937509	0.0644314	-0.31017	0.143943	
1548715128.820194722	11	-0.704132	-0.178977	0.962981	-0.922576	0.0719073	-0.352885	0.138399	
1548715132.206348977	17	0.194721	-0.846319	2.68572	-0.963415	0.0159294	-0.0399295	0.264545	
1548715132.323407077	17	0.17149	-0.726254	2.61241	-0.969038	0.0118335	0.0166823	0.246064	
1548715132.387122959	17	0.155227	-0.651996	2.57078	-0.966535	0.0150021	0.0225781	0.255099	
1548715132.447553723	17	0.150322	-0.619876	2.56257	-0.969699	0.0111757	-0.00631874	0.243964	
1548715132.511013274	17	0.131483	-0.59093	2.5006	-0.968385	0.0163285	-0.00143588	0.24892	
1548715132.638562878	17	0.095065	-0.56868	2.38656	-0.967818	0.015969	-0.0199571	0.250348	
1548715132.702014460	17	0.0791034	-0.582412	2.33039	-0.966152	0.0145143	-0.01504	0.257126	
1548715132.765867395	17	0.0802825	-0.598764	2.29671	-0.971337	0.018316	-0.00154828	0.236994	
1548715132.829247712	17	0.105874	-0.612358	2.21426	-0.963438	0.0136316	0.0433839	0.264043	
1548715132.890332267	17	0.130387	-0.623092	2.15377	-0.95966	0.00743299	0.03781	0.278511	
1548715132.951853808	17	0.153258	-0.611555	2.1091	-0.962516	0.0119334	0.0185623	0.270325	
1548715133.013389170	17	0.177437	-0.595081	2.07528	-0.968048	0.00869104	0.0474932	0.246075	
1548715133.075439039	17	0.194659	-0.581739	2.02642	-0.966268	0.00714087	0.0539218	0.251728	
1548715133.137898869	17	0.195057	-0.563409	1.97449	-0.967452	0.0182761	-0.00617975	0.252318	
1548715133.200883273	17	0.176651	-0.554957	1.91401	-0.966159	0.00951428	0.041363	0.254433	
1548715133.263886824	17	0.155708	-0.55376	1.87169	-0.962222	0.0120291	0.037341	0.269425	
1548715133.326688351	17	0.112022	-0.561853	1.82182	-0.965331	0.022817	-0.00856192	0.25989	
1548715133.390018253	17	0.0789318	-0.540348	1.7744	-0.964431	0.00791798	0.0259742	0.262935	
1548715133.454670669	17	0.0533877	-0.526972	1.72077	-0.965598	0.00863839	0.0357606	0.257425	
1548715133.520357641	17	0.0430929	-0.509246	1.69093	-0.968342	0.0108749	0.0259193	0.248039	
1548715133.587617693	17	0.0304725	-0.47641	1.64204	-0.967298	0.0193802	-0.00799313	0.252776	
1548715133.653402559	17	0.0188821	-0.446863	1.59347	-0.969132	0.0118422	0.0071274	0.246156	
1548715133.719773657	17	-1.79633e-05	-0.424251	1.54344	-0.967274	0.0201215	-0.0210335	0.25206	
1548715133.786683784	17	-0.0175422	-0.396093	1.49353	-0.968387	0.0150281	-0.0203236	0.24817	
1548715133.854928452	17	-0.0403468	-0.366583	1.4484	-0.971143	0.0252501	-0.0529934	0.23116	
1548715133.922366901	17	-0.071637	-0.343514	1.39598	-0.972689	0.0135126	-0.00657255	0.231627	
1548715133.986903766	17	-0.13377	-0.32873	1.32191	-0.968417	0.0186376	-0.0593337	0.241454	
1548715134.048946298	17	-0.184659	-0.329328	1.27027	-0.965066	0.0216051	-0.0998319	0.241277	
1548715134.109473254	17	-0.27564	-0.308975	1.19485	-0.958606	0.0261255	-0.147667	0.242048	
1548715134.168346757	17	-0.376401	-0.282277	1.10641	-0.948509	0.0286167	-0.197931	0.245631	
1548715134.225785791	17	-0.457582	-0.262523	1.04001	-0.938328	0.0376436	-0.255879	0.229455	
1548715134.283215093	17	-0.559686	-0.228241	0.931185	-0.914197	0.0471764	-0.332069	0.227484	
1548715134.341277205	17	-0.63722	-0.195496	0.848824	-0.888426	0.0574332	-0.41304	0.191831	
1548715134.796617800	6	0.986896	-0.929517	2.77992	-0.950581	-0.0426265	0.273089	0.141424	
1548715134.858715267	6	0.831343	-0.908714	2.79125	-0.953205	-0.0345589	0.25168	0.163901	
1548715134.986529128	6	0.617463	-0.884628	2.74617	-0.961117	-0.0287497	0.231371	0.147968	
1548715135.051202648	6	0.540953	-0.879139	2.74064	-0.968508	-0.0153315	0.186074	0.16472	
1548715135.182223503	6	0.426631	-0.847056	2.67487	-0.981324	-0.0105819	0.146834	0.123821	
1548715135.249348645	6	0.400088	-0.835857	2.62457	-0.972951	-0.0175083	0.169058	0.156457	
1548715135.315730406	6	0.400272	-0.799616	2.56719	-0.971651	-0.00927291	0.163764	0.170261	
1548715135.382528784	6	0.39831	-0.8078	2.57637	-0.990615	-0.00363792	0.0900375	0.102769	
1548715135.448523525	6	0.363671	-0.796084	2.50812	-0.979142	-0.00543619	0.122538	0.161973	
1548715135.515351857	6	0.326303	-0.783992	2.45243	-0.977994	-0.00738107	0.145237	0.149595	
1548715135.582010040	6	0.280187	-0.769856	2.42251	-0.978533	-0.00431066	0.121085	0.166714	
1548715135.649309339	6	0.233724	-0.753349	2.35589	-0.979065	-0.00536308	0.120214	0.164172	
1548715135.717599038	6	0.176403	-0.767461	2.32898	-0.980969	0.00208705	0.0839707	0.175054	
1548715135.787440231	6	0.13524	-0.751193	2.27668	-0.979639	0.00602435	0.0557628	0.192773	
1548715135.857156373	6	0.0935427	-0.724768	2.23487	-0.9732	0.00891318	0.0441369	0.225511	
1548715135.925306408	6	0.0440054	-0.737398	2.19056	-0.978218	0.0111592	0.0218439	0.206124	
1548715135.992774262	6	0.00843394	-0.700403	2.12235	-0.987786	0.0062686	0.0627569	0.142484	
1548715136.061077204	6	-0.0178768	-0.636969	2.08078	-0.990731	0.00582465	0.0729134	0.114465	
1548715136.129796750	6	-0.0377088	-0.576108	2.04255	-0.987206	0.00542812	0.0539708	0.14994	
1548715136.200344570	6	-0.0588723	-0.519248	2.0065	-0.984072	0.00752938	0.0468435	0.171323	
1548715136.271418260	6	-0.0629496	-0.482099	1.9684	-0.997047	0.0157555	0.0296017	0.06909	
1548715136.343464267	6	-0.0606613	-0.435695	1.94277	-0.990378	0.0125754	0.0196116	0.136412	
1548715136.412408967	6	-0.0344952	-0.408688	1.88211	-0.987203	0.0222074	-0.0599931	0.146073	
1548715136.481616878	6	-0.0219979	-0.379421	1.82771	-0.983965	0.0142964	0.0165051	0.177021	
1548715136.549233979	6	-0.00354599	-0.365749	1.79364	-0.998845	0.0152537	0.00327207	0.0454482	
1548715136.620774990	6	-0.00489939	-0.352316	1.73504	-0.994729	0.0187032	0.00880704	0.100432	
1548715136.691863617	6	-0.011765	-0.340837	1.67345	-0.99693	0.0194325	-0.0583183	0.0485069	
1548715136.762827294	6	-0.034701	-0.341687	1.61517	-0.996685	0.0121352	0.0414882	0.0689297	
1548715136.831202052	6	-0.103729	-0.33162	1.54904	-0.996065	0.0199378	0.000434104	0.0863518	
1548715136.896834018	6	-0.178791	-0.315889	1.48805	-0.997503	0.0280157	-0.0278178	0.0585645	
1548715136.962572913	6	-0.261349	-0.289213	1.42852	-0.982017	0.0285043	-0.122787	0.140547	
1548715137.029679934	6	-0.343689	-0.266711	1.36238	-0.985076	0.0304853	-0.11317	0.126051	
1548715137.096979803	6	-0.414013	-0.25628	1.30585	-0.97142	0.0391886	-0.191416	0.134783	
1548715137.162917606	6	-0.528373	-0.234547	1.19746	-0.973809	0.0487771	-0.1949	0.106448	
1548715137.230001577	6	-0.614459	-0.1988	1.10708	-0.964022	0.0548872	-0.236968	0.107215	
1548715137.296379743	6	-0.689432	-0.170158	1.00589	-0.957049	0.0599364	-0.263386	0.105322	
1548715140.479912255	19	0.0750201	-1.02533	3.28275	-0.971313	-0.00367053	0.134689	0.195951	
1548715140.740376721	19	0.137139	-0.994022	2.98827	-0.984019	-0.00882973	0.162846	0.0714833	
1548715140.805654438	19	0.162887	-1.04132	3.06024	-0.981478	0.00441543	0.0724784	0.177281	
1548715140.932005010	19	0.197416	-1.00743	2.86425	-0.968294	0.031212	-0.0689103	0.238085	
1548715140.995840827	19	0.183723	-0.971212	2.77874	-0.972596	0.0448234	-0.121806	0.1929	
1548715141.059319732	19	0.187614	-0.959697	2.74323	-0.972733	0.0336807	-0.0925853	0.209963	
1548715141.124999852	19	0.186895	-0.944329	2.6939	-0.986333	-0.00355292	0.133629	0.0963249	
1548715141.191150376	19	0.195498	-0.906598	2.62683	-0.981622	-0.0003165	0.154969	0.111369	
1548715141.257320304	19	0.19616	-0.874419	2.57543	-0.980519	-0.00675675	0.163077	0.109285	
1548715141.324314990	19	0.1902	-0.831905	2.54812	-0.986875	-0.0057264	0.129226	0.0966722	
1548715141.389143697	19	0.191326	-0.820905	2.48149	-0.967416	0.0372733	-0.0705098	0.240302	
1548715141.451447601	19	0.204439	-0.814073	2.41208	-0.97286	0.0318427	-0.0710981	0.217885	
1548715141.511256483	19	0.19089	-0.843812	2.36335	-0.975541	0.0381002	-0.0579281	0.208595	
1548715141.570404763	19	0.167431	-0.846451	2.30842	-0.986075	0.00526202	0.100485	0.132408	
1548715141.627895770	19	0.141368	-0.843715	2.25327	-0.977088	0.0290631	-0.0404458	0.206925	
1548715141.684239215	19	0.115756	-0.823035	2.19767	-0.988593	0.00994519	0.0833574	0.125048	
1548715141.740214408	19	0.0885544	-0.784432	2.14624	-0.971569	0.0409202	-0.0808012	0.218749	
1548715141.799573635	19	0.0784089	-0.744053	2.10411	-0.974538	0.0372075	-0.0701674	0.209686	
1548715141.858656115	19	0.0833707	-0.711637	2.06552	-0.973915	0.0377961	-0.0685551	0.21298	
1548715141.918317606	19	0.102251	-0.69156	2.02308	-0.984322	0.0125331	0.0658282	0.163153	
1548715141.978936140	19	0.122315	-0.65322	1.9763	-0.99094	0.0252467	-0.011133	0.131438	
1548715142.039157126	19	0.133281	-0.640138	1.93298	-0.981232	0.0236922	-0.000786135	0.191369	
1548715142.102035533	19	0.110331	-0.60572	1.88394	-0.984456	0.0143989	0.0471924	0.168557	
1548715142.162419134	19	0.0794865	-0.584793	1.84264	-0.987834	0.017008	0.0577931	0.143368	
1548715142.224719514	19	0.0329303	-0.568734	1.79251	-0.983687	0.0185376	0.0422776	0.173867	
1548715142.285223262	19	-0.0164463	-0.554969	1.73709	-0.980988	0.021753	0.0231315	0.191453	
1548715142.346816421	19	-0.0466509	-0.54376	1.69547	-0.989193	0.020731	0.0242262	0.143107	
1548715142.405146918	19	-0.121481	-0.533866	1.63507	-0.976075	0.042083	-0.0932154	0.191879	
1548715142.463166948	19	-0.203427	-0.53093	1.5646	-0.969888	0.0463696	-0.119147	0.207295	
1548715142.519103760	19	-0.270522	-0.5132	1.51408	-0.965459	0.0530978	-0.145756	0.209342	
1548715142.573484723	19	-0.351831	-0.4884	1.44523	-0.959012	0.0577199	-0.172057	0.217627	
1548715142.628263912	19	-0.406379	-0.470883	1.39911	-0.963136	0.0611802	-0.170156	0.19918	
1548715142.684314466	19	-0.454514	-0.448089	1.35084	-0.959862	0.0629828	-0.178602	0.206882	
1548715142.740359395	19	-0.487295	-0.423433	1.30393	-0.95841	0.0642774	-0.1935	0.199689	
1548715142.798018508	19	-0.522493	-0.398024	1.24569	-0.952897	0.0684565	-0.219078	0.198259	
1548715142.855932246	19	-0.550209	-0.365668	1.20186	-0.953083	0.0706436	-0.225233	0.189503	
1548715142.913628205	19	-0.577541	-0.341162	1.1412	-0.951373	0.0751392	-0.229324	0.191451	
1548715142.971568497	19	-0.59674	-0.31422	1.0994	-0.948829	0.0786056	-0.246664	0.180837	
1548715143.028937788	19	-0.631706	-0.282346	1.03387	-0.944327	0.0807403	-0.261641	0.182402	
1548715143.086183240	19	-0.666773	-0.25197	0.976878	-0.938299	0.0855512	-0.285511	0.175383	
1548715143.141553260	19	-0.701433	-0.227518	0.908436	-0.958762	0.10874	-0.245317	0.0936465	
1548715143.450134310	11	2.20894	-1.08981	2.34712	-0.894035	-0.0923798	0.427545	0.0968148	
1548715143.603161650	11	1.8252	-1.15322	2.55106	-0.911002	-0.0515872	0.375534	0.162445	
1548715143.705561490	11	1.5636	-1.1318	2.61494	-0.916662	-0.0453845	0.347063	0.192922	
1548715143.861601290	11	1.27284	-1.04245	2.73311	-0.960459	-0.0260961	0.253221	0.112765	
1548715143.971689347	11	1.10423	-0.980517	2.75763	-0.98102	0.0105181	0.136738	0.137084	
1548715144.025974185	11	0.994833	-0.936203	2.70632	-0.950412	-0.022986	0.275724	0.142005	
1548715144.139276782	11	0.772581	-0.871173	2.78207	-0.993238	0.0243228	0.0395308	0.106416	
1548715144.196884636	11	0.64458	-0.848215	2.73566	-0.957711	-0.00907974	0.2372	0.162613	
1548715144.368411955	11	0.26934	-0.799149	2.71227	-0.980085	0.0108269	0.108028	0.16627	
1548715144.427635018	11	0.195252	-0.792811	2.6733	-0.981507	0.0194973	0.119126	0.14857	
1548715144.487786766	11	0.112464	-0.796012	2.61923	-0.989022	0.0194955	0.0836383	0.120248	
1548715144.547674502	11	0.0708309	-0.812911	2.59965	-0.973887	0.0259829	0.0454356	0.220916	
1548715144.606421885	11	0.0375167	-0.807093	2.53132	-0.992997	0.0243777	0.0738871	0.0888959	
1548715144.665463932	11	0.0448407	-0.780474	2.49193	-0.990344	0.0264471	0.067007	0.118448	
1548715144.724699001	11	0.052803	-0.76039	2.45369	-0.974025	0.0130689	0.0712357	0.214546	
1548715144.785437940	11	0.0736596	-0.732676	2.41123	-0.976256	0.0229477	0.0718823	0.203052	
1548715144.846082818	11	0.100774	-0.698174	2.38556	-0.989113	0.0195918	0.0834553	0.119608	
1548715144.906599022	11	0.117774	-0.632438	2.3474	-0.980259	0.0154055	0.0826194	0.178967	
1548715144.966563402	11	0.12594	-0.583269	2.31462	-0.984167	0.0171674	0.0613757	0.165392	
1548715145.029841881	11	0.124121	-0.541296	2.28718	-0.985635	0.0226494	0.055729	0.157815	
1548715145.091245221	11	0.128282	-0.502809	2.25106	-0.983625	0.015417	0.051992	0.171874	
1548715145.153489540	11	0.125076	-0.484388	2.21452	-0.985566	0.0180279	0.0746768	0.150861	
1548715145.214887500	11	0.122675	-0.456993	2.13197	-0.976428	0.0125533	0.0957369	0.193044	
1548715145.275151330	11	0.126511	-0.445068	2.10619	-0.995024	0.021457	0.0722849	0.0651308	
1548715145.337598950	11	0.122136	-0.424825	2.07012	-0.989408	0.0205177	0.0606835	0.130264	
1548715145.396752798	11	0.11249	-0.433732	1.99557	-0.978545	0.0115391	0.0812048	0.189006	
1548715145.455931177	11	0.0974119	-0.426241	1.9607	-0.981877	0.0159476	0.059003	0.179391	
1548715145.514139831	11	0.0799697	-0.440721	1.92247	-0.982617	0.0258498	0.0127928	0.183391	
1548715145.571495023	11	0.0582464	-0.442367	1.85905	-0.98073	0.0128033	0.0488452	0.188729	
1548715145.628683362	11	0.0382458	-0.439892	1.82315	-0.989328	0.0312406	-0.0402796	0.1365	
1548715145.685200659	11	0.00959966	-0.435278	1.76248	-0.983167	0.0181061	0.0173541	0.18098	
1548715145.741808307	11	-0.0148282	-0.434588	1.72273	-0.994508	0.0337785	-0.0458344	0.0878169	
1548715145.798354208	11	-0.0420736	-0.422912	1.65935	-0.981958	0.0187515	0.0021851	0.188157	
1548715145.853248646	11	-0.0842663	-0.411664	1.61507	-0.978562	0.0332104	-0.087587	0.183419	
1548715145.908766772	11	-0.141458	-0.392285	1.57069	-0.977216	0.0378706	-0.0981599	0.184336	
1548715145.962763910	11	-0.218888	-0.351943	1.5121	-0.979684	0.0373776	-0.113911	0.160766	
1548715146.017788284	11	-0.283332	-0.331544	1.45961	-0.97816	0.0435069	-0.13572	0.151293	
1548715146.075166311	11	-0.348243	-0.313052	1.40729	-0.978334	0.0442449	-0.129842	0.15507	
1548715146.132791139	11	-0.423483	-0.303635	1.32466	-0.96541	0.050223	-0.189841	0.171529	
1548715146.189511767	11	-0.477279	-0.288617	1.26746	-0.962949	0.0510548	-0.212136	0.158494	
1548715146.248220309	11	-0.537373	-0.260836	1.20864	-0.958917	0.0548723	-0.237079	0.14581	
1548715146.308382685	11	-0.61818	-0.221807	1.12317	-0.948994	0.0619208	-0.276671	0.137949	
1548715146.368230301	11	-0.669937	-0.196742	1.05657	-0.938778	0.0622893	-0.304683	0.148268	
1548715146.429335620	11	-0.734665	-0.163851	0.969962	-0.933508	0.0757265	-0.327455	0.12491	
1548715176.958473999	17	0.318009	-0.606375	2.37244	-0.9653	0.0185083	0.0307265	0.258667	
1548715177.017681812	17	0.287685	-0.637391	2.30838	-0.962741	0.0144332	0.0469629	0.265926	
1548715177.078160499	17	0.271052	-0.652423	2.28342	-0.96424	0.0266339	-0.00475167	0.263647	
1548715177.137102941	17	0.267037	-0.663264	2.25579	-0.964277	0.0188979	0.0349652	0.261897	
1548715177.196298010	17	0.252094	-0.654351	2.21709	-0.963241	0.0166384	0.0413635	0.264915	
1548715177.255700047	17	0.246972	-0.647475	2.17158	-0.963018	0.0244861	0.0334662	0.266226	
1548715177.313984579	17	0.249739	-0.646279	2.16464	-0.970518	0.0293019	-0.0093079	0.239058	
1548715177.373029381	17	0.245623	-0.63712	2.13297	-0.970581	0.0252224	0.029974	0.237568	
1548715177.432103034	17	0.241156	-0.634756	2.09907	-0.962114	0.0200962	0.0473799	0.267746	
1548715177.491267407	17	0.224469	-0.645757	2.06082	-0.966745	0.0253077	0.00179818	0.254481	
1548715177.548554957	17	0.2002	-0.643361	2.02391	-0.9653	0.0178987	0.0225937	0.259546	
1548715177.607051434	17	0.164942	-0.635593	1.97622	-0.957553	0.0218329	0.00817879	0.287312	
1548715177.665280669	17	0.130017	-0.628295	1.94881	-0.959306	0.0262524	-0.01868	0.280526	
1548715177.723113050	17	0.0751703	-0.615246	1.91329	-0.96345	0.0327161	-0.046373	0.261808	
1548715177.782244768	17	0.0350281	-0.589702	1.88663	-0.962202	0.0184148	0.00272728	0.271701	
1548715177.841581919	17	-0.00359542	-0.572605	1.86146	-0.966756	0.023551	-0.0138243	0.254238	
1548715177.902628055	17	-0.0328461	-0.557095	1.81865	-0.962593	0.0342551	-0.0591805	0.262182	
1548715177.963166683	17	-0.0570545	-0.562583	1.7797	-0.966127	0.0170465	-0.00075794	0.257502	
1548715178.024685179	17	-0.0669994	-0.553706	1.72354	-0.95973	0.0311543	-0.0769004	0.268393	
1548715178.085986066	17	-0.0664185	-0.552665	1.68522	-0.958267	0.0356269	-0.0924017	0.268172	
1548715178.147789997	17	-0.0726157	-0.536924	1.65053	-0.965076	0.0297718	-0.045607	0.256244	
1548715178.212171310	17	-0.0815755	-0.501284	1.61193	-0.966471	0.025317	-0.0411252	0.252193	
1548715178.274040127	17	-0.105873	-0.471142	1.56292	-0.963776	0.0308424	-0.0761096	0.253756	
1548715178.334962642	17	-0.135251	-0.452724	1.52356	-0.963816	0.0304829	-0.0661584	0.256424	
1548715178.394871228	17	-0.190956	-0.437807	1.46619	-0.95983	0.0246998	-0.0809807	0.267502	
1548715178.454204422	17	-0.256922	-0.416851	1.40187	-0.957499	0.0271818	-0.117025	0.262225	
1548715178.514731417	17	-0.320705	-0.395933	1.3513	-0.954878	0.0254201	-0.133321	0.264172	
1548715178.568879077	17	-0.415206	-0.36657	1.27353	-0.948159	0.0310211	-0.183508	0.257598	
1548715178.620823328	17	-0.493619	-0.335944	1.20916	-0.940663	0.0362955	-0.226167	0.250368	
1548715178.673579894	17	-0.570915	-0.303716	1.14085	-0.924034	0.0443386	-0.290788	0.244208	
1548715178.727474339	17	-0.645703	-0.277622	1.06682	-0.916096	0.048815	-0.32119	0.234992	
1548715178.785067491	17	-0.742863	-0.234618	0.957597	-0.966974	0.0945485	-0.227506	0.0652892	
1548715179.185450227	6	1.52917	-0.911535	2.58276	-0.920556	-0.0513704	0.365014	0.129241	
1548715179.244469752	6	1.40801	-0.916739	2.61869	-0.930185	-0.0526358	0.332929	0.14541	
1548715179.304020413	6	1.28323	-0.916064	2.59703	-0.936137	-0.0609217	0.33402	0.0914711	
1548715179.421190753	6	1.0258	-0.977958	2.66015	-0.944263	-0.0403908	0.263996	0.192464	
1548715179.480338110	6	0.866383	-0.992842	2.64883	-0.959135	-0.03258	0.233468	0.156496	
1548715179.540995405	6	0.735815	-0.989034	2.65171	-0.97008	-0.0223241	0.200037	0.135762	
1548715179.602046253	6	0.628746	-0.951985	2.58653	-0.963086	-0.0304475	0.216874	0.156538	
1548715179.664722321	6	0.551683	-0.952301	2.61679	-0.969621	-0.0178766	0.128372	0.207452	
1548715179.726970075	6	0.483682	-0.891639	2.51415	-0.96843	-0.0235035	0.184481	0.166005	
1548715179.792315507	6	0.456512	-0.871837	2.50178	-0.970916	-0.0164625	0.161015	0.176422	
1548715179.855696356	6	0.411479	-0.867695	2.45813	-0.966891	-0.0154456	0.162924	0.195804	
1548715179.917829049	6	0.331942	-0.858673	2.40176	-0.969648	-0.0142353	0.161216	0.183276	
1548715179.981152875	6	0.258582	-0.850843	2.35421	-0.971618	-0.0117668	0.147104	0.184881	
1548715180.044041700	6	0.211202	-0.832164	2.33543	-0.979072	-0.00559845	0.0976199	0.178486	
1548715180.110276327	6	0.154168	-0.815999	2.29435	-0.976771	-0.00300664	0.0902106	0.194347	
1548715180.175141212	6	0.114894	-0.797631	2.22337	-0.983074	-0.00917798	0.10403	0.150531	
1548715180.239811703	6	0.0781359	-0.793237	2.19902	-0.993868	0.0139343	0.00580289	0.109538	
1548715180.304897940	6	0.0478962	-0.777418	2.14152	-0.977838	0.00460376	0.0599222	0.200551	
1548715180.369613805	6	-0.00197337	-0.758162	2.08927	-0.976453	0.0115129	0.0291087	0.213449	
1548715180.433757244	6	-0.0652065	-0.734061	2.04419	-0.98103	0.00976908	0.0431892	0.188732	
1548715180.497488405	6	-0.152349	-0.709677	1.98091	-0.990431	0.018204	0.0233844	0.134788	
1548715180.559500154	6	-0.222112	-0.693901	1.93284	-0.987357	0.0215057	-0.00669043	0.156903	
1548715180.621802073	6	-0.312056	-0.654036	1.87437	-0.969091	0.0378546	-0.139079	0.200217	
1548715180.683381121	6	-0.384137	-0.60998	1.80448	-0.984639	0.0244954	-0.0411579	0.167904	
1548715180.743970770	6	-0.433915	-0.560309	1.74759	-0.976901	0.0292406	-0.0740708	0.198301	
1548715180.804068463	6	-0.448969	-0.536282	1.71303	-0.980774	0.0424207	-0.110147	0.155407	
1548715180.863131439	6	-0.436918	-0.508037	1.65271	-0.973969	0.0289172	-0.0909126	0.205629	
1548715180.922655160	6	-0.413497	-0.503346	1.61486	-0.974019	0.0271964	-0.080772	0.209817	
1548715180.982619862	6	-0.372249	-0.486175	1.5717	-0.975604	0.0233431	-0.0625334	0.209146	
1548715181.042214599	6	-0.350543	-0.470597	1.53906	-0.983413	0.0327137	-0.0812394	0.158834	
1548715181.100326126	6	-0.352716	-0.453909	1.49282	-0.983612	0.0298881	-0.066205	0.165019	
1548715181.158800751	6	-0.384752	-0.429817	1.43904	-0.978294	0.0322472	-0.0860957	0.185711	
1548715181.217721948	6	-0.417066	-0.420046	1.39123	-0.976534	0.0333672	-0.104004	0.185609	
1548715181.277262311	6	-0.480986	-0.389301	1.31536	-0.976468	0.0365159	-0.111105	0.181197	
1548715181.337817822	6	-0.532654	-0.371597	1.25819	-0.972392	0.0418973	-0.140224	0.181756	
1548715181.395038429	6	-0.613234	-0.341624	1.16418	-0.973775	0.0487196	-0.15063	0.163397	
1548715181.452417525	6	-0.68055	-0.306231	1.08435	-0.966321	0.0559661	-0.187027	0.167666	
1548715181.508193357	6	-0.756361	-0.264357	0.97532	-0.966764	0.0719923	-0.210353	0.126237	
1548715184.646951113	11	0.150284	-0.632974	3.02367	0.97327	-0.00810371	-0.171533	-0.152496	
1548715184.853112298	11	0.111675	-0.688251	2.84284	-0.988221	0.02746	-0.0823657	0.126022	
1548715184.922713572	11	0.139324	-0.690835	2.8381	0.99707	-0.0220887	-0.0465914	-0.0564962	
1548715185.126664015	11	0.221651	-0.64578	2.61141	0.998478	-0.00421764	-0.0501124	-0.0226419	
1548715185.192569492	11	0.205808	-0.675053	2.51787	0.982951	-0.00187517	-0.111264	-0.146373	
1548715185.255374953	11	0.187477	-0.711031	2.42148	-0.990842	0.00391214	0.120372	0.0610506	
1548715185.317127179	11	0.185679	-0.721718	2.38158	-0.972641	0.0212778	0.00326834	0.231313	
1548715185.378450870	11	0.196041	-0.718466	2.3346	-0.981977	0.0193606	-0.0203224	0.186904	
1548715185.438507387	11	0.203654	-0.684161	2.25165	-0.988781	0.00141928	0.132337	0.0692574	
1548715185.498114090	11	0.1956	-0.692456	2.20392	-0.991158	0.00269439	0.0986779	0.0886606	
1548715185.557009898	11	0.179797	-0.682453	2.16511	-0.984268	0.0025916	0.0842593	0.155277	
1548715185.615422908	11	0.163273	-0.684512	2.10585	-0.991013	0.00389833	0.0989451	0.0899326	
1548715185.674372065	11	0.135557	-0.66936	2.05464	-0.982759	0.0209782	-0.04221	0.178782	
1548715185.734317497	11	0.091108	-0.648519	1.99769	-0.993288	0.017841	-0.0321394	0.109667	
1548715185.794151568	11	0.0633656	-0.626133	1.9449	-0.978289	0.030283	-0.0713079	0.19222	
1548715185.856797542	11	0.0341472	-0.579026	1.8957	-0.971357	0.0338392	-0.0727591	0.223668	
1548715185.916666628	11	0.0198339	-0.567616	1.86543	-0.98248	0.016899	0.0272448	0.18359	
1548715185.977314125	11	-0.00532844	-0.546705	1.79944	-0.99564	0.0190341	0.0441378	0.0799394	
1548715186.038323360	11	-0.0271285	-0.527224	1.74622	-0.990958	0.0188985	0.030897	0.129194	
1548715186.098753752	11	-0.0324282	-0.507577	1.70419	-0.988858	0.0282693	-0.0578128	0.134234	
1548715186.160093592	11	-0.0485968	-0.479254	1.65274	-0.979205	0.0284895	-0.0614144	0.191243	
1548715186.220932116	11	-0.0736337	-0.451996	1.59555	-0.976702	0.0336656	-0.0780909	0.197034	
1548715186.283520893	11	-0.0979471	-0.436436	1.55896	-0.978538	0.0366284	-0.0785042	0.186972	
1548715186.344288805	11	-0.138592	-0.423131	1.49797	-0.978803	0.0380677	-0.0850321	0.182388	
1548715186.404404576	11	-0.191891	-0.418149	1.4326	-0.978706	0.0369488	-0.0807107	0.185082	
1548715186.463034333	11	-0.235533	-0.410857	1.37795	-0.973169	0.040591	-0.121106	0.191385	
1548715186.522387216	11	-0.305636	-0.377482	1.31197	-0.976817	0.0439354	-0.124288	0.168673	
1548715186.582444829	11	-0.362361	-0.34518	1.25721	-0.965044	0.0506884	-0.184378	0.179237	
1548715186.644494462	11	-0.448736	-0.309353	1.17817	-0.976881	0.0622219	-0.162187	0.124607	
1548715186.707128182	11	-0.504724	-0.282811	1.11271	-0.954836	0.0627089	-0.238912	0.165157	
1548715186.767964870	11	-0.597891	-0.238756	0.998826	-0.950403	0.0734825	-0.265061	0.145178	
1548715186.828154083	11	-0.643993	-0.217468	0.923015	-0.946834	0.0788661	-0.279453	0.138532	
1548715192.943314452	17	0.178485	-0.63929	2.57654	-0.967504	0.0102925	0.0118281	0.252368	
1548715193.007383838	17	0.163296	-0.644744	2.53423	-0.969441	0.00908538	0.00614086	0.24508	
1548715193.069671214	17	0.14883	-0.63742	2.44452	-0.967839	0.0114328	-0.00223941	0.2513	
1548715193.132433351	17	0.137459	-0.609104	2.37944	-0.96787	0.0154369	-0.032348	0.248885	
1548715193.193976085	17	0.127379	-0.622039	2.3125	-0.962304	0.0112489	0.0232956	0.270742	
1548715193.255829722	17	0.128138	-0.615136	2.25036	-0.965135	0.0173042	-0.0190742	0.260483	
1548715193.316724486	17	0.115885	-0.622323	2.18073	-0.968379	0.0145849	0.000621148	0.249057	
1548715193.378114192	17	0.1085	-0.633778	2.12863	-0.969083	0.0154523	0.0151233	0.245787	
1548715193.438577710	17	0.0736431	-0.617064	2.05198	-0.962907	0.0193538	-0.0198492	0.268404	
1548715193.498302392	17	0.0177244	-0.619237	1.98027	-0.96576	0.0184844	-0.023691	0.25769	
1548715193.558071788	17	-0.0248018	-0.616903	1.92969	-0.96371	0.0118691	0.000298123	0.266686	
1548715193.618177822	17	-0.0803516	-0.595728	1.85738	-0.964471	0.0121943	-0.0134528	0.263565	
1548715193.677980729	17	-0.137002	-0.557478	1.77769	-0.959112	0.0264252	-0.0962059	0.264859	
1548715193.738860580	17	-0.186824	-0.513346	1.73688	-0.965384	0.0174657	-0.0723861	0.249978	
1548715193.802565622	17	-0.239622	-0.462453	1.66691	-0.963334	0.0120354	-0.0761754	0.256981	
1548715193.864085847	17	-0.304371	-0.410376	1.5935	-0.962187	0.0184371	-0.119324	0.244168	
1548715193.922746324	17	-0.360392	-0.390182	1.53524	-0.960797	0.0193325	-0.134801	0.241504	
1548715193.980521996	17	-0.433127	-0.358167	1.44874	-0.954222	0.0229601	-0.173825	0.242319	
1548715194.036884453	17	-0.492719	-0.348213	1.37757	-0.946999	0.0240007	-0.208348	0.243325	
1548715194.092711748	17	-0.572409	-0.306337	1.29121	-0.947422	0.0306252	-0.232652	0.217549	
1548715194.149535431	17	-0.625243	-0.266908	1.22887	-0.936765	0.0377793	-0.282686	0.202811	
1548715194.208261642	17	-0.676209	-0.240312	1.16143	-0.933098	0.0409465	-0.301447	0.191782	
1548715194.269056477	17	-0.733252	-0.219696	1.08117	-0.91899	0.0776223	-0.375582	0.0914874	
1548715194.330742639	17	-0.78601	-0.190819	0.979569	-0.973055	0.0675606	-0.203211	0.0854699	
1548715194.794254069	6	1.29645	-0.927893	2.41302	-0.918919	-0.0749223	0.366333	0.125598	
1548715194.915476763	6	0.962105	-0.955688	2.45747	-0.948618	-0.0519242	0.276715	0.144418	
1548715194.976606990	6	0.856716	-0.963336	2.47433	-0.955908	-0.0440071	0.226753	0.181346	
1548715195.039853706	6	0.694403	-0.947039	2.43508	-0.970586	-0.0351911	0.205189	0.120922	
1548715195.100963039	6	0.558114	-0.920484	2.41704	-0.980185	-0.0268383	0.161325	0.111767	
1548715195.162940839	6	0.469565	-0.892111	2.39002	-0.988173	-0.0195023	0.125762	0.0855391	
1548715195.227619366	6	0.36002	-0.820474	2.34274	-0.977954	-0.0186601	0.15162	0.14237	
1548715195.294386021	6	0.269447	-0.75349	2.31833	-0.982837	-0.0118467	0.112953	0.145372	
1548715195.363066410	6	0.202821	-0.671414	2.28177	-0.985722	-0.00773429	0.0964164	0.137829	
1548715195.431175891	6	0.140927	-0.631531	2.20747	-0.986766	-0.00440932	0.0987363	0.128545	
1548715195.499559499	6	0.108045	-0.602513	2.16482	-0.981779	0.00321647	0.0730757	0.175384	
1548715195.569737226	6	0.099167	-0.566865	2.10682	-0.984977	0.00236681	0.0667794	0.159235	
1548715195.640069155	6	0.0909133	-0.579927	2.00958	-0.982032	-0.000878249	0.0621823	0.178172	
1548715195.710009751	6	0.0782513	-0.576175	1.93475	-0.986088	0.00091808	0.0675794	0.151866	
1548715195.778805480	6	0.0530469	-0.581077	1.87518	-0.985691	0.00304305	0.0273514	0.166302	
1548715195.845968303	6	-0.00660112	-0.581016	1.80972	-0.978768	0.0169005	-0.0377383	0.200759	
1548715195.911636569	6	-0.0602697	-0.557364	1.72772	-0.979277	0.0253582	-0.0810941	0.183838	
1548715195.976370723	6	-0.132534	-0.530715	1.65129	-0.977436	0.004115	0.00106259	0.211191	
1548715196.040832823	6	-0.209133	-0.485344	1.58096	-0.983202	0.00928731	-0.0165754	0.181528	
1548715196.104638355	6	-0.278624	-0.457593	1.50514	-0.987008	0.0152579	-0.0381779	0.15532	
1548715196.166692566	6	-0.351787	-0.421491	1.4254	-0.986825	0.0315318	-0.0847171	0.134181	
1548715196.230200882	6	-0.394263	-0.386034	1.37285	-0.978167	0.0342489	-0.127681	0.160356	
1548715196.294542494	6	-0.440553	-0.365497	1.28994	-0.973031	0.0317489	-0.14822	0.173878	
1548715196.357065484	6	-0.499672	-0.341574	1.2034	-0.970939	0.0398566	-0.171373	0.162235	
1548715196.419766552	6	-0.561112	-0.316409	1.10541	-0.966008	0.0480726	-0.193339	0.164736	
1548715196.482799347	6	-0.623727	-0.280542	1.00654	-0.963061	0.058386	-0.217294	0.147945	
1548715196.547978247	6	-0.669491	-0.248102	0.926707	-0.952548	0.0596162	-0.249697	0.163554	
1548715199.437908872	11	-0.224716	-1.11211	2.82206	-0.991692	0.0119524	0.0307801	0.124322	
1548715199.497580313	11	-0.258984	-1.05365	2.72889	-0.982259	0.00353311	0.0432394	0.182441	
1548715199.617916413	11	-0.181713	-0.965748	2.63493	-0.995559	-0.00314575	0.00340849	0.094024	
1548715199.683421472	11	-0.115855	-0.900742	2.57358	0.992899	0.00710489	-0.0595341	-0.102744	
1548715199.743922240	11	-0.052665	-0.825886	2.52251	-0.985918	-0.0152449	0.0801455	0.145982	
1548715199.805529221	11	0.0359789	-0.778339	2.47399	-0.9817	-0.00587346	0.0711092	0.176564	
1548715199.866772233	11	0.0998707	-0.762345	2.41327	-0.996191	0.00206048	0.0489266	0.0721446	
1548715199.925787777	11	0.149565	-0.741707	2.32965	-0.979585	-0.00553387	0.0892507	0.180046	
1548715199.984591654	11	0.167778	-0.758011	2.29387	-0.989072	-0.00109202	0.048831	0.139111	
1548715200.041044877	11	0.166143	-0.777089	2.17026	-0.987454	-0.00856702	0.100645	0.121376	
1548715200.097486537	11	0.161744	-0.770201	2.14025	-0.991519	-0.00575978	0.0697942	0.10948	
1548715200.153144426	11	0.159735	-0.772069	2.09049	-0.990926	-0.000337202	0.0339845	0.130039	
1548715200.210797388	11	0.129784	-0.741515	2.01985	-0.985654	-0.00276388	0.0599356	0.157753	
1548715200.268463380	11	0.124255	-0.692799	1.97098	-0.99002	-0.00469153	0.0934353	0.105392	
1548715200.328640800	11	0.122626	-0.621341	1.93191	-0.9871	-0.00360559	0.0642161	0.146621	
1548715200.390309742	11	0.124724	-0.555194	1.91392	-0.992339	-0.00475697	0.0741685	0.098695	
1548715200.456178253	11	0.12558	-0.481059	1.87102	-0.993113	-0.000832161	0.0609115	0.100082	
1548715200.518915584	11	0.122385	-0.426276	1.82262	-0.995833	0.0025795	0.0499836	0.0762331	
1548715200.582019392	11	0.124963	-0.403492	1.7607	-0.982777	0.00323617	0.0546023	0.176513	
1548715200.646562570	11	0.127665	-0.385976	1.72218	-0.982815	0.00887985	0.0382003	0.180379	
1548715200.712144536	11	0.115428	-0.367554	1.66885	-0.98731	0.00513166	0.0283257	0.156171	
1548715200.780092051	11	0.090624	-0.343897	1.60881	-0.981399	0.0118814	-0.0128731	0.191179	
1548715200.849967759	11	0.0433076	-0.340755	1.5659	-0.988035	0.00559913	0.00212094	0.154112	
1548715200.916449479	11	-0.0109392	-0.337501	1.4702	-0.980165	0.0213139	-0.0874649	0.176555	
1548715200.983523445	11	-0.0681987	-0.334793	1.42221	-0.988752	0.0122333	-0.0213496	0.147528	
1548715201.046206566	11	-0.123087	-0.319278	1.37128	-0.981895	0.0203288	-0.0923654	0.164128	
1548715201.109963766	11	-0.204811	-0.301166	1.29477	-0.973345	0.0263075	-0.15086	0.170731	
1548715201.176623426	11	-0.290687	-0.277668	1.22671	-0.982389	0.0293745	-0.128915	0.132021	
1548715201.243138116	11	-0.364218	-0.253608	1.14272	-0.963875	0.035901	-0.211036	0.15849	
1548715201.309473174	11	-0.441853	-0.220244	1.0628	-0.966608	0.0433626	-0.215276	0.132083	
1548715201.374388011	11	-0.514927	-0.18676	0.972576	-0.949631	0.0512739	-0.279528	0.132045	
1548715201.438209058	11	-0.583816	-0.151476	0.874337	-0.954942	0.064152	-0.271774	0.100543	
1548715207.692855984	17	0.202957	-0.659685	2.59753	-0.967118	0.0100162	-0.0216362	0.253208	
1548715207.818783525	17	0.167749	-0.67093	2.51236	-0.967035	0.00842467	0.00771668	0.254385	
1548715207.883043905	17	0.143365	-0.687197	2.46574	-0.964392	0.00320313	0.0151897	0.26402	
1548715207.943447635	17	0.123662	-0.699035	2.39195	-0.964326	0.00786672	0.0049396	0.264553	
1548715208.004935962	17	0.111338	-0.69834	2.34947	-0.963354	0.0149887	-0.0323293	0.265856	
1548715208.066177776	17	0.104149	-0.692997	2.27866	-0.959943	0.0105722	-0.0145221	0.27962	
1548715208.127617064	17	0.0757376	-0.687042	2.2281	-0.966091	0.00977261	-0.000137926	0.258017	
1548715208.188860118	17	0.0530436	-0.674017	2.17422	-0.960805	0.0175241	-0.0375883	0.274106	
1548715208.250890081	17	0.024174	-0.663784	2.13769	-0.96844	0.0173773	-0.0443414	0.244656	
1548715208.311551145	17	-0.00125649	-0.663779	2.06228	-0.960544	0.00510091	0.0292812	0.276535	
1548715208.372684069	17	-0.0198612	-0.665423	2.00025	-0.9545	0.0191298	-0.0438203	0.294354	
1548715208.433346826	17	-0.0349053	-0.647246	1.96647	-0.960689	0.00807514	-0.0168055	0.277001	
1548715208.495192612	17	-0.0512091	-0.59641	1.91172	-0.961347	0.00886269	-0.013276	0.274878	
1548715208.559380442	17	-0.0608733	-0.55373	1.85715	-0.966627	0.0118159	-0.0290217	0.254265	
1548715208.621898002	17	-0.0623174	-0.534202	1.82035	-0.963722	0.0163779	-0.051565	0.261368	
1548715208.685896330	17	-0.0606838	-0.515929	1.75907	-0.963913	0.0117795	-0.0191706	0.265266	
1548715208.750509517	17	-0.0471051	-0.509533	1.70872	-0.962218	0.0182273	-0.056069	0.265821	
1548715208.815533898	17	-0.0430059	-0.492133	1.65692	-0.970233	0.00776951	-0.0116103	0.241772	
1548715208.880109845	17	-0.0483625	-0.440212	1.60022	-0.968799	0.0100079	-0.0135461	0.247276	
1548715208.946692578	17	-0.0551622	-0.384477	1.55097	-0.971505	0.0107458	-0.0223644	0.235717	
1548715209.013802564	17	-0.0765616	-0.34299	1.51042	-0.973954	0.0209001	-0.0794076	0.211354	
1548715209.079688931	17	-0.110234	-0.315625	1.46974	-0.975482	0.0129822	-0.062303	0.210675	
1548715209.143170703	17	-0.163802	-0.294757	1.40195	-0.971269	0.0152585	-0.0900837	0.219748	
1548715209.206909409	17	-0.244705	-0.264323	1.33243	-0.969118	0.017998	-0.11975	0.214815	
1548715209.268949555	17	-0.3307	-0.229461	1.25719	-0.961522	0.0220855	-0.175211	0.210449	
1548715209.329408887	17	-0.430868	-0.196503	1.17783	-0.952316	0.027407	-0.232215	0.196009	
1548715209.389504918	17	-0.539131	-0.173317	1.08176	-0.939387	0.0258325	-0.280891	0.194899	
1548715209.451047760	17	-0.620512	-0.165149	0.992991	-0.918844	0.0337137	-0.345367	0.187913	
1548715209.953490650	6	1.38444	-0.775791	2.68245	-0.954183	-0.0473121	0.28027	0.0935193	
1548715210.017900615	6	1.27216	-0.775437	2.62218	-0.945102	-0.0510322	0.314173	0.0739793	
1548715210.083888680	6	1.21418	-0.775527	2.67399	0.94882	0.0274574	-0.274136	-0.154391	
1548715210.149519016	6	1.11712	-0.778136	2.62654	-0.94347	-0.0236077	0.272484	0.187242	
1548715210.217382876	6	1.01933	-0.793845	2.62173	-0.963645	-0.0312612	0.243403	0.105672	
1548715210.284851844	6	0.924731	-0.820939	2.61183	-0.97411	-0.0235546	0.209322	0.0820878	
1548715210.354280289	6	0.803405	-0.805209	2.55098	-0.959007	-0.0298167	0.249059	0.131852	
1548715210.418720208	6	0.689502	-0.79312	2.59445	-0.976527	-0.0234954	0.192726	0.0932728	
1548715210.483772160	6	0.537308	-0.747503	2.54232	-0.968516	-0.0210601	0.213426	0.126419	
1548715210.548067286	6	0.400679	-0.736809	2.51568	-0.975313	-0.0202681	0.175001	0.133149	
1548715210.613061990	6	0.285578	-0.714254	2.49905	-0.981851	-0.00997286	0.133097	0.134736	
1548715210.679395745	6	0.192077	-0.674803	2.44847	-0.986208	-0.00543259	0.117901	0.116031	
1548715210.746893014	6	0.119439	-0.618642	2.3857	-0.984464	-0.00579211	0.115972	0.131714	
1548715210.815103690	6	0.0827096	-0.567776	2.34815	-0.98442	0.000515547	0.0827794	0.155131	
1548715210.884259570	6	0.0558386	-0.526257	2.29538	-0.981992	-0.00157879	0.0756142	0.173122	
1548715210.952875191	6	0.0341613	-0.491717	2.24782	-0.987304	0.00215121	0.0730527	0.141032	
1548715211.021944275	6	0.0431177	-0.465508	2.19916	-0.988484	0.00501966	0.0400673	0.145839	
1548715211.093477964	6	0.0576253	-0.444287	2.13657	-0.989418	0.00128752	0.0380529	0.14001	
1548715211.166268254	6	0.0635765	-0.432684	2.07972	-0.986338	0.00345095	0.0405829	0.159623	
1548715211.237104446	6	0.0711556	-0.409288	2.00199	-0.987953	0.0010759	0.0419911	0.148943	
1548715211.307127085	6	0.0575901	-0.401019	1.94582	-0.985008	0.00404069	0.0277775	0.170207	
1548715211.377706592	6	0.0454815	-0.395765	1.8798	-0.993638	0.00263613	0.010088	0.112136	
1548715211.446743670	6	0.00836266	-0.39651	1.8114	-0.990705	0.0090862	-0.0337033	0.131471	
1548715211.515313711	6	-0.0353233	-0.402724	1.76846	-0.986461	0.00918731	-0.0199932	0.162513	
1548715211.584486376	6	-0.112868	-0.401559	1.68926	-0.993754	0.00766257	0.00998899	0.110879	
1548715211.654803004	6	-0.194101	-0.405329	1.62268	-0.979606	0.0101292	-0.0792068	0.18438	
1548715211.721156171	6	-0.33231	-0.404708	1.50191	-0.987856	0.012979	-0.0535282	0.14528	
1548715211.784130532	6	-0.484333	-0.373119	1.38613	-0.959155	0.0409148	-0.23154	0.157277	
1548715211.846948195	6	-0.56785	-0.328075	1.31573	-0.97815	0.0384349	-0.162985	0.123211	
1548715211.911482519	6	-0.658493	-0.292169	1.21604	-0.969843	0.0496404	-0.211775	0.109967	
1548715211.976307600	6	-0.728796	-0.253448	1.1159	-0.955705	0.0456484	-0.260564	0.129036	
1548715212.041198573	6	-0.785467	-0.205099	1.02399	-0.941275	0.0473522	-0.307978	0.130036	
1548715215.246570688	11	0.128304	-0.862325	2.81773	-0.985427	-0.00512215	0.152497	0.0751798	
1548715215.381292902	11	0.108892	-0.808139	2.78748	-0.993208	0.00451907	0.0738663	0.0897827	
1548715215.451554591	11	0.0701817	-0.786975	2.73285	-0.981845	0.00831927	0.0456657	0.18392	
1548715215.520437353	11	0.0283097	-0.74912	2.70376	-0.99373	0.0022951	0.0647772	0.0910958	
1548715215.586463498	11	-0.0112397	-0.753238	2.61535	0.996334	-0.0124046	-0.035328	-0.0769251	
1548715215.713778427	11	0.0384977	-0.724473	2.49012	-0.988678	-0.00209571	0.0710509	0.132146	
1548715215.776057222	11	0.0941638	-0.698958	2.43746	-0.990116	0.00920407	0.088661	0.108277	
1548715215.838890183	11	0.159033	-0.650401	2.35252	-0.983851	-0.00336097	0.118601	0.134013	
1548715215.902249453	11	0.183782	-0.626501	2.31622	-0.988046	0.000280323	0.0906001	0.124724	
1548715215.964221650	11	0.185933	-0.614683	2.24184	-0.992321	0.00065951	0.114926	0.0457304	
1548715216.025224125	11	0.162107	-0.619193	2.20758	-0.990193	0.0210445	-0.0241328	0.135985	
1548715216.085230225	11	0.149641	-0.630565	2.13081	-0.993034	0.00309421	0.088049	0.0782336	
1548715216.145550023	11	0.139328	-0.624639	2.08878	-0.991425	0.000145217	0.0981831	0.086237	
1548715216.206715725	11	0.122521	-0.602565	2.04205	-0.987352	0.017708	-0.0182373	0.156492	
1548715216.267963752	11	0.101143	-0.562279	1.99298	-0.979646	0.00931025	0.0347413	0.197485	
1548715216.330905781	11	0.0793066	-0.542481	1.95857	-0.979515	0.0123691	0.0260663	0.199295	
1548715216.394122205	11	0.0530044	-0.53354	1.88467	-0.99656	0.00920933	0.0689121	0.0451085	
1548715216.457157580	11	0.0234133	-0.537175	1.83332	-0.993161	0.0099029	0.0561605	0.101877	
1548715216.515537276	11	0.00484778	-0.539311	1.78117	-0.972299	0.0291911	-0.0675869	0.221843	
1548715216.576068159	11	-0.0414184	-0.540459	1.71108	-0.978662	0.0271184	-0.0715483	0.190699	
1548715216.637376656	11	-0.08889	-0.51405	1.66174	-0.983935	0.0146492	-0.0243233	0.176253	
1548715216.698864900	11	-0.133091	-0.465222	1.60073	-0.974071	0.0321742	-0.105004	0.197799	
1548715216.760093158	11	-0.16617	-0.429245	1.5606	-0.976866	0.0310677	-0.11094	0.180168	
1548715216.820137054	11	-0.21406	-0.404654	1.50487	-0.980937	0.0272633	-0.09459	0.16755	
1548715216.881997558	11	-0.269308	-0.36584	1.44588	-0.989789	0.0346595	-0.0830005	0.110582	
1548715216.943434005	11	-0.306798	-0.342473	1.39562	-0.991688	0.0361881	-0.0842103	0.0902986	
1548715217.007844376	11	-0.36885	-0.305082	1.33063	-0.968541	0.0365414	-0.182454	0.165236	
1548715217.073132248	11	-0.432046	-0.274789	1.26288	-0.967733	0.0413121	-0.199536	0.148231	
1548715217.138937548	11	-0.493141	-0.243939	1.1929	-0.96687	0.0439905	-0.21135	0.136229	
1548715217.204201092	11	-0.54658	-0.221916	1.12013	-0.961627	0.0464766	-0.235892	0.132171	
1548715217.268735615	11	-0.594034	-0.210912	1.04025	-0.955261	0.0500646	-0.25954	0.132697	
1548715217.333002802	11	-0.628408	-0.191549	0.979992	-0.954678	0.0551774	-0.26659	0.120316	
1548715217.394338292	11	-0.673101	-0.174305	0.893657	-0.955632	0.0775498	-0.274037	0.0752084	
