# X	Y	Z
3.04102	0.402522	0.548425	
3.06585	0.413616	0.550938	
3.08368	0.289457	0.473064	
2.7451	0.403403	0.404806	
2.73939	0.406925	0.403836	
2.70868	0.375156	0.339272	
3.45588	0.53775	0.497496	
2.66021	0.450598	0.39777	
2.66964	0.452579	0.398659	
3.01442	0.667397	0.439005	
2.98405	0.661135	0.430711	
3.09817	0.587067	0.444098	
2.98175	0.661813	0.429456	
3.00856	0.632503	0.432777	
3.27169	0.52018	0.458996	
2.86727	0.4746	0.415709	
2.97716	0.658703	0.426272	
2.90351	0.638703	0.41397	
3.0119	0.545184	0.420813	
2.87253	0.571996	0.383797	
2.87469	0.57342	0.383837	
3.51225	1.02509	0.609405	
3.01002	0.786687	0.458991	
3.01043	0.698475	0.454084	
3.04102	0.402522	0.548425	
3.06585	0.413616	0.550938	
3.08368	0.289457	0.473064	
2.7451	0.403403	0.404806	
2.73939	0.406925	0.403836	
2.70868	0.375156	0.339272	
3.45588	0.53775	0.497496	
2.66021	0.450598	0.39777	
2.66964	0.452579	0.398659	
3.01442	0.667397	0.439005	
2.98405	0.661135	0.430711	
3.09817	0.587067	0.444098	
2.98175	0.661813	0.429456	
3.00856	0.632503	0.432777	
3.27169	0.52018	0.458996	
2.86727	0.4746	0.415709	
2.97716	0.658703	0.426272	
2.90351	0.638703	0.41397	
3.0119	0.545184	0.420813	
2.87253	0.571996	0.383797	
2.87469	0.57342	0.383837	
3.51225	1.02509	0.609405	
3.00681	0.709598	0.466806	
3.01002	0.786687	0.458991	
3.01043	0.698475	0.454084	
3.04096	0.402569	0.548562	
3.07188	0.413345	0.553132	
3.05177	0.298286	0.466669	
2.93252	0.354209	0.438888	
2.83785	0.394004	0.422552	
2.6614	0.450052	0.397979	
2.66698	0.4524	0.398511	
2.74519	0.403468	0.404596	
2.74261	0.406334	0.403982	
2.70674	0.37542	0.339535	
3.44655	0.536757	0.496012	
3.01903	0.668225	0.439543	
2.98222	0.66208	0.429519	
3.08097	0.584589	0.440245	
3.00328	0.629813	0.432039	
3.00823	0.632317	0.432783	
3.00561	0.632294	0.431194	
3.27292	0.520254	0.458441	
3.07848	0.586505	0.436811	
2.87051	0.474907	0.415813	
3.28612	0.524587	0.458776	
2.97141	0.597897	0.42496	
2.96593	0.496563	0.419859	
2.87252	0.571993	0.383753	
2.87467	0.5734	0.3838	
3.36981	0.817218	0.603589	
3.51099	1.02455	0.60905	
3.0099	0.786647	0.459092	
3.01075	0.698623	0.453922	
2.82119	0.709434	0.402587	
2.82774	0.687266	0.403005	
3.04254	0.40213	0.548916	
3.07418	0.41365	0.554154	
3.0136	0.283756	0.461138	
3.0037	0.283647	0.457107	
2.66321	0.449816	0.398333	
2.74292	0.402828	0.40507	
2.72619	0.432351	0.402112	
2.75268	0.381189	0.401795	
2.70543	0.375522	0.33968	
3.07608	0.585264	0.455782	
3.56032	0.544857	0.512541	
3.01666	0.667699	0.43916	
2.98423	0.661056	0.430826	
2.98048	0.661971	0.428903	
3.08078	0.585114	0.439308	
3.00686	0.632631	0.43162	
3.0777	0.586619	0.436544	
2.87498	0.475071	0.415779	
2.97233	0.59827	0.424829	
2.89027	0.635263	0.408423	
3.01674	0.546542	0.419487	
2.87186	0.571764	0.383974	
3.012	0.714097	0.469605	
3.01043	0.787339	0.458574	
3.01029	0.69822	0.453529	
2.82138	0.709638	0.402735	
2.83677	0.647249	0.404385	
3.04195	0.402336	0.548806	
3.08213	0.41247	0.556963	
3.05128	0.300189	0.466564	
2.93039	0.356672	0.443019	
2.47783	0.463925	0.377405	
2.6296	0.455106	0.397454	
2.88021	0.363875	0.428701	
2.88014	0.364213	0.428644	
2.87248	0.366668	0.427647	
2.86955	0.370453	0.427326	
2.89641	0.350302	0.430263	
2.87584	0.362479	0.427707	
2.90307	0.345942	0.430604	
2.9152	0.341888	0.433235	
2.86498	0.374186	0.427061	
2.87151	0.365221	0.427424	
2.86099	0.388519	0.424888	
2.87587	0.38293	0.426471	
2.90374	0.347855	0.430894	
2.86341	0.359625	0.423891	
2.6637	0.449697	0.398267	
2.6698	0.452196	0.398884	
2.89506	0.335793	0.426852	
2.87659	0.335876	0.424315	
2.89475	0.336421	0.426369	
2.72378	0.432077	0.402437	
2.74464	0.402202	0.405329	
2.74128	0.406123	0.404831	
2.74363	0.407398	0.403045	
2.73386	0.410838	0.400949	
2.75201	0.381343	0.401953	
2.75165	0.382216	0.401517	
2.74347	0.401461	0.401239	
2.7209	0.452774	0.398503	
2.72505	0.451999	0.39858	
2.70987	0.374979	0.339146	
3.5606	0.544266	0.512915	
3.02018	0.668531	0.439873	
2.99243	0.685529	0.435332	
3.01701	0.652176	0.435397	
2.98045	0.661923	0.428929	
3.08133	0.585627	0.439389	
3.00247	0.62968	0.431631	
2.97682	0.662212	0.428068	
3.00354	0.631769	0.430604	
3.27848	0.521106	0.457916	
3.07791	0.587008	0.436197	
2.97819	0.659627	0.426262	
3.28487	0.525041	0.457598	
2.97234	0.598349	0.424967	
2.86147	0.477026	0.410364	
2.89241	0.636384	0.408613	
3.0148	0.546572	0.41961	
2.94287	0.595465	0.408789	
2.98651	0.713772	0.501142	
3.50984	1.02439	0.609374	
3.01093	0.713216	0.469412	
3.0078	0.710718	0.467183	
3.01017	0.786957	0.459108	
2.8212	0.709418	0.402775	
2.82783	0.687387	0.402415	
3.04896	0.301043	0.46626	
3.03588	0.305978	0.464153	
2.96773	0.312192	0.451757	
3.04393	0.401777	0.549403	
3.08703	0.412283	0.55897	
3.84267	0.531003	0.565986	
2.48004	0.463977	0.377677	
2.63038	0.455134	0.397521	
3.53724	0.54137	0.510901	
2.74569	0.420717	0.411091	
2.74509	0.421775	0.411022	
2.66609	0.449316	0.398794	
2.66913	0.452192	0.39914	
2.7435	0.40245	0.405085	
2.73772	0.407409	0.404428	
3.28272	0.521456	0.458038	
2.87238	0.475323	0.415543	
3.36888	0.81402	0.601939	
3.01063	0.69869	0.453696	
3.01956	0.667663	0.440184	
2.99273	0.685315	0.435648	
3.03515	0.641582	0.440566	
2.98282	0.681269	0.431824	
3.01641	0.651562	0.435152	
2.98145	0.662112	0.429187	
3.08164	0.585927	0.439802	
2.99948	0.628059	0.431294	
3.03098	0.604305	0.433825	
2.97731	0.662125	0.427723	
2.89642	0.658903	0.417427	
2.99198	0.62902	0.428174	
2.97719	0.66001	0.425728	
2.97204	0.59814	0.424761	
2.89178	0.636004	0.40841	
3.01541	0.546423	0.419737	
2.82772	0.627547	0.381902	
3.03287	0.742135	0.518635	
2.9863	0.713631	0.501072	
3.00271	0.734195	0.491589	
3.01117	0.713442	0.469146	
3.00815	0.711028	0.467525	
3.01008	0.786953	0.458314	
2.82144	0.709699	0.403152	
2.82809	0.687656	0.402178	
3.05538	0.296632	0.467369	
3.03236	0.307612	0.46373	
2.97319	0.310137	0.454104	
3.04411	0.30124	0.465018	
2.96327	0.315764	0.449605	
1.89803	0.689142	0.294042	
1.95489	0.639487	0.301312	
2.92059	0.337662	0.440999	
1.61884	0.862391	0.254764	
1.83843	0.714451	0.287958	
2.03256	0.604005	0.316019	
2.12878	0.555573	0.329409	
1.84662	0.710891	0.290782	
1.59893	0.873314	0.257183	
2.05942	0.594813	0.324454	
2.02776	0.633731	0.320472	
1.7217	0.78553	0.308187	
3.0418	0.402621	0.549172	
3.08268	0.412866	0.557332	
2.49005	0.464027	0.378963	
2.87354	0.383249	0.429795	
2.83889	0.393516	0.425158	
2.6325	0.455142	0.397637	
2.70533	0.439335	0.406541	
2.75529	0.416502	0.411916	
2.74322	0.420581	0.410372	
2.74026	0.422781	0.409992	
2.86437	0.385973	0.424577	
2.66626	0.449446	0.398638	
2.6675	0.452203	0.398766	
2.745	0.402094	0.405374	
2.73811	0.407244	0.404588	
2.87283	0.475402	0.415415	
3.258	0.520227	0.609497	
3.8164	0.920049	0.684105	
3.39617	0.585274	0.509152	
3.20288	0.598109	0.475142	
3.12028	0.590921	0.463925	
3.53728	0.542464	0.511005	
3.01647	0.651631	0.435203	
2.9788	0.661938	0.429044	
3.08189	0.58566	0.440022	
3.02931	0.603331	0.433743	
3.00131	0.629896	0.430728	
2.97842	0.663451	0.427968	
3.27919	0.520644	0.457051	
2.97128	0.597857	0.424969	
3.01772	0.54764	0.419734	
3.25916	0.881807	0.569365	
3.24621	0.866304	0.559027	
2.98585	0.712465	0.500883	
3.48972	1.01883	0.604003	
3.02407	0.785343	0.478309	
3.02652	0.787819	0.478195	
3.01122	0.713137	0.469234	
3.00828	0.71075	0.467638	
3.00961	0.786337	0.458946	
3.01873	0.70608	0.459932	
2.97903	0.67599	0.450155	
3.00954	0.697745	0.453605	
2.97709	0.734802	0.435511	
2.99397	0.685882	0.436101	
2.98314	0.681223	0.432182	
2.81982	0.707505	0.403168	
2.82243	0.711083	0.402614	
2.83603	0.646494	0.404059	
2.86461	0.633449	0.405854	
