# X	Y	Z	rgb
70.9764	36.1733	18.2057	13277071
38.3646	13.6594	8.80268	9934230
44.7206	15.8468	14.0787	14537673
40.931	19.5335	10.2207	16496815
39.2609	14.0847	8.88295	15132901
37.7996	13.6194	8.40545	10461601
46.76	19.5591	10.9705	14011581
33.653	11.0395	7.59511	6447974
40.7423	14.377	10.963	13683145
36.6747	13.0458	8.27684	5329493
41.871	15.3963	9.7049	6446431
50.8259	18.997	14.3568	12418932
49.2843	18.2425	14.0827	14135460
36.3512	14.1842	9.3926	15588564
69.7251	35.7728	15.8888	6312782
47.7624	16.8051	13.9218	5589057
50.5988	21.1509	12.834	15519169
53.2778	19.5633	16.6396	15587533
42.5736	15.0917	10.788	16773869
35.2671	13.7513	8.44999	14143944
86.8049	41.5224	26.3713	15703176
46.7933	20.7234	14.6966	16762034
39.4897	13.4857	10.341	14803422
37.8792	12.8431	9.876	10001047
35.4218	11.386	7.88261	7500662
35.6592	11.9053	9.26969	15263463
43.2099	21.1394	10.1864	14325648
35.5448	11.8478	9.19566	15856113
41.8916	15.478	9.71854	4472128
42.5044	20.3057	10.5726	15781828
36.5069	14.2425	9.44285	15588564
49.527	18.3488	14.1674	12622221
51.5634	21.5725	13.0336	14663860
72.444	36.9873	18.5359	15710129
41.057	14.4842	11.0344	16117999
47.6107	17.0438	13.7426	14866901
37.0097	13.1672	8.37375	5790044
50.8715	19.0136	14.3598	12418932
46.5079	16.4905	14.4179	3746074
46.9844	19.6677	11.0635	13808794
35.9716	14.0505	8.59722	14736081
45.0508	15.9867	14.1942	14142663
86.7536	41.4986	26.3234	15703176
39.3083	14.1404	8.84988	15330280
37.3864	13.2947	8.57576	8618370
48.7614	17.213	14.2157	3681064
69.792	35.8466	15.941	6904919
37.8504	12.8562	9.87662	11316907
51.4221	18.9604	16.0509	12422527
47.1101	20.8409	14.7897	16762034
50.3348	21.0262	12.766	15519169
42.0753	15.4833	9.80301	6051157
45.6658	19.0807	10.7442	14932169
71.5253	36.4475	18.2471	15193034
37.2495	13.24	8.4562	6316388
50.0631	18.6494	14.1329	13350055
70.2617	36.1301	16.0596	6049610
35.5293	13.8676	8.51659	14143944
48.9611	17.2814	14.2819	3681064
47.9959	17.0879	13.8234	16578289
37.4497	12.7071	9.77961	11316907
43.3424	20.7116	10.7638	15781828
35.9844	14.03	9.28636	14930634
35.5451	11.8312	9.17154	16645629
40.3255	14.1603	10.7044	11117731
45.6335	16.1362	14.1497	6508087
39.9237	14.3817	9.01268	15132901
41.1642	14.561	10.9693	9867149
40.3587	14.1702	10.8217	16710136
66.6733	33.9982	15.1925	13814981
41.9959	15.5139	9.85498	4537918
39.7104	14.3642	8.97014	15725041
47.392	19.8432	11.2212	13942696
48.24	17.1449	13.9021	16446703
37.3282	13.2776	8.47269	6316388
42.0177	20.09	10.503	15979207
70.0442	36.1367	16.1444	6179141
50.1246	18.643	14.1894	14863294
49.977	17.6572	14.6167	3681062
37.6634	14.7339	9.66379	15394274
50.2871	21.0071	12.7411	15453376
72.2355	36.8601	18.4784	15710129
50.9002	18.3185	14.7961	5721411
36.6888	14.3739	8.84921	14539735
38.7766	13.1628	10.1214	12172216
39.9459	14.4594	9.06978	15461869
47.6907	16.9398	13.706	16775414
44.0982	21.1074	10.9794	16308172
37.5077	14.6757	9.60273	15131102
50.566	18.8538	14.3077	13152676
50.2062	20.9747	12.705	15453376
41.9533	15.4989	9.81907	4537918
64.8923	33.0491	14.7487	14342610
71.7699	36.5813	18.2942	15193034
36.1443	12.8357	8.20327	4408391
42.0103	14.825	10.621	16777210
47.3965	19.8451	11.2222	13942696
39.2568	13.7189	10.5028	16579323
50.3475	21.0734	12.6806	13746860
66.348	33.7963	15.1366	13814981
44.977	21.5311	11.1645	15721433
72.6142	37.0595	18.4986	14664893
41.1022	15.2116	9.69945	4735297
45.3937	16.5163	11.2511	6905433
70.5999	36.4105	16.3781	6507079
42.6865	15.4628	10.1326	14275793
37.2061	14.5465	9.5607	15394274
48.8811	20.7252	11.4394	14509654
49.532	20.749	11.8046	12692891
50.4456	24.9529	13.1738	16764868
68.7286	34.8939	17.4279	15788773
36.2505	16.9773	9.39599	16758944
47.7656	19.9094	12.0502	14539469
37.1379	14.5212	9.52718	15394274
45.4043	21.7504	11.3025	15979211
25.9265	11.3659	2.8022	10000796
46.3687	26.0469	4.46895	4737610
28.9478	13.3632	3.29107	9077858
45.7876	25.6902	4.33885	8290178
33.3391	13.3763	3.23488	5526874
38.9727	21.5493	4.15973	9342603
30.2828	14.0059	3.37547	14933723
48.0751	27.1532	4.73258	13421259
24.4203	10.8303	2.42068	11053738
37.6829	17.9887	3.96288	15459556
30.0102	13.8881	3.2974	15592941
33.624	13.5511	3.31965	9803419
24.6595	10.9532	2.48247	5000268
25.7447	11.242	2.66737	9935257
26.1794	11.6883	2.6584	6448228
31.0445	9.93837	2.8162	8553090
31.0669	10.2896	2.82907	6579814
33.7014	15.764	3.91293	8221797
40.503	19.3473	4.49483	8223328
32.9573	15.2687	3.81208	5457725
33.6126	13.4145	3.19009	10329761
33.3689	13.4332	3.30031	9803419
47.9565	27.0326	4.71439	12106423
41.2397	23.0448	4.4187	11184810
46.3241	26.0428	4.37861	10790566
24.4546	10.8703	2.4011	10395808
39.1795	21.6667	4.15428	9342603
31.4566	10.9574	2.8606	5592919
37.3584	17.811	3.94963	16314865
30.1972	10.9795	2.792	4079680
32.002	12.0653	2.92484	6843502
25.6235	11.1921	2.66851	9935257
33.8047	13.4804	3.21602	10329761
32.4101	15.0081	3.78724	6510413
25.4257	11.457	2.5816	5658458
40.2688	19.2245	4.45894	8223328
54.5825	28.4834	7.56042	12365847
35.142	18.0778	5.19643	10460454
32.0175	15.1128	1.84901	10789786
25.2011	11.1098	2.72599	13290446
34.5815	16.2847	2.49325	7895671
26.2251	12.0265	3.29343	9342322
33.4433	13.4048	3.33407	11711416
49.3543	27.8976	4.64692	13224390
45.9166	25.7691	4.32798	8882315
24.4675	10.8926	2.43545	13619662
47.4099	26.7061	4.50165	9869464
47.9924	27.1533	4.73826	10789539
32.6716	15.1308	3.81076	5457725
40.4596	22.5894	4.36207	11447982
36.5828	17.4322	3.87798	16314865
39.4624	21.8337	4.22213	9211017
34.0057	15.9949	2.44642	8553601
33.9919	17.4986	5.04852	10460454
25.8389	11.6114	2.63178	3618875
28.3526	13.0233	3.53044	10723473
54.9362	28.6621	7.59018	12365847
38.8543	18.5128	4.37577	8749181
30.7226	14.4535	1.8089	9079683
33.8985	15.9469	2.44961	8553601
25.5841	11.178	2.68499	7237744
40.5627	19.372	4.50776	5854289
46.5167	26.1307	4.42256	9343120
36.0971	18.5483	5.34321	11968346
47.7172	27.0165	4.7433	10789539
24.6814	10.9894	2.42968	11448493
33.6827	13.4962	3.34315	11711416
28.8187	13.2417	3.582	8881269
49.5404	28.0116	4.72726	13290183
33.864	15.6639	3.95193	5062967
23.7608	10.5562	2.63589	9869464
31.1316	14.4143	3.45473	15196895
40.3814	22.5362	4.35538	11447982
39.4141	21.8197	4.20743	10987428
36.874	17.5637	3.94093	16314865
34.2918	16.1351	2.42588	9211015
39.2559	18.7208	4.37938	8947051
25.4646	11.68	2.93938	2434601
36.1531	17.1612	3.89253	16775158
24.7162	11.0037	2.43957	13619662
39.5726	21.9572	4.23445	11908530
28.6058	13.1404	3.52501	11710845
34.2081	15.8506	3.98378	5062715
23.7284	10.5339	2.64824	9869464
34.0161	13.5875	3.38866	13027276
25.8849	11.3193	2.70708	7237744
39.227	20.1339	5.75162	13349204
34.7894	14.1583	3.33318	4276542
25.4834	11.1977	2.69011	6119263
25.6524	11.4681	2.53112	11184807
43.0274	20.7297	4.28386	2960945
33.4755	15.4709	3.98079	4275511
27.9897	12.85	3.46724	11645318
38.4864	18.3375	4.36778	4538429
36.3105	17.2622	3.91967	15195601
32.0052	14.832	3.55026	14735292
25.9687	11.9184	2.98088	2434601
41.3498	21.2422	6.07795	12748899
45.3191	21.8073	4.65139	2170915
25.9726	11.6031	2.51621	14146006
34.1582	15.8226	3.99713	3485746
27.8253	12.78	3.41329	11711111
25.1445	11.0967	2.66716	5461333
36.0667	17.0984	3.88188	16775925
25.5518	11.7248	2.99376	2368548
29.7612	13.725	3.56098	11774337
24.8099	11.3906	2.94495	1973023
43.331	20.8647	4.3674	3289396
28.3975	11.0853	-0.327956	7631722
32.2809	10.4859	0.808263	8158846
30.4264	9.84879	-1.38058	5790298
36.438	11.9885	0.713337	9934738
33.4469	10.8812	0.716899	7171948
25.3504	11.5656	-0.926759	6514021
34.3032	16.3112	-1.60209	5197647
29.6269	11.6617	0.437839	8092539
28.2301	11.0866	0.45632	12040633
24.3598	9.50868	0.506526	13158600
30.7284	12.1336	0.366598	5460303
29.6131	9.54071	-1.32314	6974318
26.9969	9.44169	-1.18282	6777963
31.9666	12.6637	0.171737	3353892
27.0962	9.41863	-1.19225	5330514
22.2056	10.2832	0.353531	9408913
30.9812	10.1773	-1.50146	7566704
31.5607	12.4879	-0.108944	2105108
30.5689	11.4981	-1.14633	3750201
24.8844	10.243	-1.01776	6120030
36.2426	14.3454	-0.321577	6776415
23.7505	11.3666	0.132031	4342333
23.6543	11.2752	0.133756	1973787
26.5381	10.2714	-0.325224	5723986
58.5377	31.9247	-1.6107	3157030
27.0366	10.4684	-0.356959	5460814
28.114	11.0379	0.463074	12040633
24.2474	9.46269	0.512467	13158600
58.2677	31.7829	-1.6088	3157030
23.4639	11.2052	0.157979	3092268
31.9276	12.6495	-0.0790166	920838
22.1403	10.2552	0.359126	9408913
24.7989	10.2106	-1.01565	6120030
27.1478	9.43523	-1.19147	5001549
31.8342	12.608	0.168719	3353892
26.6465	9.50302	-1.17457	13092807
23.5857	9.20339	0.236443	7893872
29.8955	9.92618	-1.41129	6250330
28.6966	11.2063	-0.335328	7631722
27.1503	9.66844	-1.15364	6381921
36.589	14.4831	-0.339909	6776415
27.1839	9.44173	-1.04517	8422018
30.7096	11.5542	-1.16082	3750201
26.492	9.31698	-1.05096	4868942
31.0729	11.6546	-1.4949	6975342
31.2201	10.2596	-1.37616	6908774
26.4487	11.9758	-1.02417	4539977
57.9396	31.6239	-1.5935	3157030
27.8047	10.9098	0.485503	7368813
32.442	12.8584	0.170025	3353892
27.9236	10.967	0.0421946	10460049
58.9499	33.056	-1.16045	6117711
22.0761	10.2335	0.356219	10132636
23.1649	9.03879	0.267364	9275779
26.4286	9.40435	-1.15322	13158600
31.4543	12.4494	-0.0583095	1775373
25.8961	10.042	-0.277251	7829616
33.4827	13.2586	-0.251165	4671300
28.0517	10.9423	-0.296456	6973792
59.9166	33.5817	-1.35578	7037530
22.1927	10.5273	0.0980111	2104863
27.2238	9.70563	-1.14081	5000528
23.9308	11.2137	0.0304947	2893091
27.2658	9.4396	-1.18906	4146240
28.0366	10.9365	-0.288438	6973792
32.8363	13.0161	0.144116	3682857
21.8869	10.1723	0.367329	10132636
23.6932	9.25073	0.260982	11249569
58.4046	31.5575	-0.708461	11644843
32.9005	13.0456	-0.0652069	1841170
28.3008	11.1229	0.0165805	9605242
26.7029	10.3575	-0.31952	7763823
57.4526	31.368	-1.58638	3947062
23.6634	11.2769	0.146739	2039580
22.4177	10.6527	0.0787982	2499621
33.9233	13.4333	-0.257045	6447450
23.5592	11.0673	0.0326521	2302242
27.499	9.79699	-1.15374	5000528
23.754	11.2923	0.120297	2301469
24.1861	11.1454	-0.540075	9407361
22.6725	10.7722	0.0693528	2499621
57.4888	31.4444	-1.55134	2564893
25.6601	9.95184	-0.257897	8092788
24.9792	11.5213	-0.212343	11514020
22.9372	8.91203	0.0321955	6118744
26.9824	11.264	-1.2015	12369598
32.8962	15.6205	-1.49669	4342338
27.7134	11.544	-1.15369	5131854
30.4618	11.712	-1.32548	5396307
32.0327	11.9607	-2.80961	9868682
25.8707	10.0596	-0.227111	8092273
24.6018	11.3695	-0.168021	11316641
22.518	10.3744	-0.380384	9210752
34.3508	16.5893	-1.28507	3222571
29.846	11.0009	-1.35161	5198931
29.0575	13.737	-0.946457	4013370
29.5596	12.5922	-2.48218	8945516
29.9296	16.0949	-1.23662	5197395
26.9542	11.24	-1.15881	9935254
22.9123	10.5631	-0.360363	9474178
34.8812	16.9	-1.30346	4012339
26.6265	12.5542	-0.778424	3421233
26.4148	11.0191	-1.16576	12698560
42.4552	21.5653	-10.8505	6513243
34.8081	17.8447	-8.627	6776928
41.2375	8.23406	8.03576	9869982
61.3488	6.7884	17.2598	8553087
56.8471	10.5898	15.5299	5131854
58.6206	7.79521	16.1487	9210507
48.8195	1.12283	9.82301	13619411
57.3441	10.5689	15.8716	14474457
62.1817	6.40126	17.6484	13882318
41.4821	11.3376	9.0527	8159616
64.1197	6.90742	18.5481	10921633
39.5807	9.21035	11.3517	15328735
63.638	6.48776	18.8178	7369579
42.928	11.4667	9.41709	7501432
57.4469	8.19404	16.172	9277324
58.7839	9.05997	17.5933	5592405
60.1233	8.05066	16.7182	6776679
55.1764	9.58592	15.3352	15853279
64.3887	7.30757	18.7517	13882832
41.1785	9.59346	8.94581	9408399
54.0939	6.05559	12.0034	5000528
59.8976	3.4	16.788	6974569
37.4489	11.158	8.33711	10593957
42.1839	10.0697	9.23351	10856359
34.8963	9.37452	8.68957	7566455
58.1342	9.57898	17.42	13817814
59.2749	9.11191	17.7348	4013119
59.5216	7.98265	16.5116	5855323
56.6784	10.5698	15.4967	5131854
44.8026	9.83197	8.72219	10790566
62.6212	6.50636	17.8065	11974321
41.1046	8.21616	8.02725	9869982
61.1147	6.7744	17.1961	8553087
48.5805	1.11734	9.70413	16645887
64.0902	6.87976	18.5032	13355974
37.4528	8.42975	8.27545	5198161
63.9866	6.57209	18.8966	7172200
55.593	8.18231	12.0679	7105906
39.8654	9.31433	11.4073	16514040
47.5554	1.03839	9.08336	15396592
65.142	7.36741	18.953	12698558
59.7251	3.44745	16.7422	6711397
46.8746	13.6674	12.5737	9277327
54.4956	6.12136	12.0992	3947840
57.6297	8.26446	16.2119	10461598
42.9113	11.4958	9.4392	7830397
39.7479	9.14538	11.5495	3156513
61.0693	3.80648	17.2551	8618880
45.9294	10.0083	8.92377	13751251
58.3081	10.9092	15.9523	4342338
48.7665	1.12177	9.71915	16382717
62.3928	6.88693	17.6124	6118746
54.4617	6.18078	12.0816	3027508
44.5809	10.4776	8.69971	11516088
46.733	11.6949	9.1081	10263708
63.6407	6.75823	18.3754	14014158
62.4622	6.46129	17.7888	13882318
55.3825	8.13885	12.0241	6776941
59.5915	7.99191	16.5436	5921116
63.6509	6.49359	18.7992	7172200
40.0303	9.35166	11.4699	16184044
46.5547	13.5986	12.4829	9211280
59.8593	3.45515	16.7661	6711397
38.8533	8.55095	8.68503	3948094
39.4461	9.04983	11.4656	3156513
40.0482	9.65604	9.38657	15790831
40.3922	9.46832	11.5688	16117736
63.7	6.7115	18.4249	14540248
63.5892	7.33368	18.6122	9672080
48.4756	1.15516	9.67652	16645887
59.4856	8.06077	16.3111	12236982
60.3035	11.3937	16.5932	2500134
60.4516	8.19014	16.7606	5723737
55.1348	6.2873	12.2983	2895922
58.7193	3.45332	16.4879	6777960
39.1776	8.9901	11.3603	3354157
58.8215	9.26543	11.7243	2500396
41.7448	11.9929	10.0433	13027276
39.8244	9.62619	9.36961	16646140
55.5348	6.78793	14.892	6842469
36.6526	8.63021	8.66791	7370100
36.0586	8.46986	8.53693	6514791
57.9065	7.73328	15.8698	13355463
63.1159	7.02907	17.8431	8026743
40.3093	9.5048	11.4954	16447734
59.4756	11.1598	16.4677	3355443
60.3874	8.18146	16.7628	5723737
38.9987	8.9636	11.2866	3354157
55.8716	6.90542	14.8859	6645093
41.0444	10.0245	9.63944	16777215
55.182	6.38481	12.2584	2105636
59.7969	3.55701	16.8609	7632497
40.3302	8.78698	8.98694	4540231
38.7462	8.84863	8.52126	5592919
33.5373	7.83771	8.21696	13027525
55.9628	10.1969	15.2858	13553355
53.786	9.67747	14.4628	11513521
55.9146	6.81968	14.9417	5723988
54.6077	6.79486	14.2268	3355705
55.2489	6.34813	12.3347	2434601
40.131	9.72554	9.43741	16646140
34.5045	7.71856	8.10372	3949123
35.3535	8.25109	8.38058	6054240
55.9073	6.68685	14.0326	9607062
53.463	6.39694	13.8077	7106928
55.4442	6.6319	13.9713	9607062
34.2384	7.25288	8.45464	5132884
35.6587	8.38825	8.7139	13882834
53.5271	1.23964	0.998263	12303805
57.5223	5.19469	4.51176	4342338
45.4494	9.72631	8.05723	11975358
42.6822	8.72973	7.5911	7238775
42.4896	9.98645	7.52105	3818057
55.552	0.646328	1.10515	13882837
44.6981	9.52612	7.85114	13687005
42.2269	8.68073	7.44101	10857136
57.6434	4.48171	4.55694	9738394
57.9848	2.57442	1.0132	4409415
56.0106	2.11149	0.577731	12041403
57.5794	2.78126	0.592404	11909044
44.023	10.5095	7.85327	12042182
51.2615	0.199934	0.62415	13094091
54.525	1.84069	1.12003	13224653
57.627	2.78242	0.750697	11579565
56.3593	2.23184	0.786916	13752018
54.8583	1.63996	1.22008	12830667
54.5177	1.57845	1.01477	11777461
41.7889	8.64136	6.44346	6384497
46.8773	11.5393	8.37188	9804189
51.7554	0.201452	0.76772	13159884
53.8406	1.24541	1.24764	13291731
57.5533	4.58583	4.5532	6119527
55.6967	9.56913	4.38045	4672333
49.9022	9.9589	4.02147	7106158
57.7935	8.34028	4.55364	4606024
46.062	9.99882	8.0691	5528157
42.3314	8.75972	7.4529	13686235
42.5346	10.0051	7.52075	6778742
53.484	1.22848	0.977597	12303805
54.5252	1.63139	0.995458	13290700
55.8744	2.31853	1.0218	12041403
55.8615	0.703953	1.11005	13948630
54.2785	1.68537	1.17313	13620183
53.959	1.23812	1.21874	13291731
58.1742	2.61676	0.982725	4409415
39.4199	8.08508	6.27969	12437965
41.1609	8.4822	6.39322	4740184
47.43	11.6264	8.26965	13423315
58.6502	7.17547	3.28772	9277845
69.6788	10.0346	3.82217	9014155
55.0183	9.35863	4.33267	3289910
49.7375	9.87822	4.00926	5000782
57.1721	5.99289	4.462	2829359
54.0273	1.30174	1.28087	10923183
57.1909	4.85282	4.59106	2434601
44.5951	10.8112	6.83717	13554388
40.7462	8.39871	6.37139	7108732
41.0265	8.45111	6.84943	12634830
46.5286	11.2651	7.29096	12897741
57.5943	4.16602	4.67982	2765103
59.5937	5.88367	4.7792	7041135
69.5976	10.0549	3.88125	7500916
46.1966	11.5367	4.49661	8092023
58.5554	7.17725	3.33573	9277845
56.5523	6.5324	4.50888	4672333
39.3902	8.06977	6.28382	12437965
55.8134	6.21423	4.52563	2896176
48.1447	11.3725	7.70818	8423565
39.0135	7.99447	6.26084	11845828
43.7682	9.24083	6.67606	14213349
69.5545	9.93328	3.82126	10856105
40.0892	8.21013	6.28682	6121837
44.7894	10.8184	6.92298	13423317
58.7137	7.22946	3.29673	10067107
57.0981	4.92471	4.54049	1974050
46.4499	11.207	7.30382	13621466
55.7485	6.20743	4.47624	2369832
57.3823	4.75757	4.55601	1711396
48.7812	11.588	7.78884	9015186
57.9182	10.3263	4.71056	5461079
57.7923	10.3057	4.51717	13224907
36.7061	10.2533	3.81903	10132636
40.5573	8.19469	6.14186	11252148
58.6375	7.29908	3.23882	11185588
57.1654	10.2131	4.7682	4737610
69.4376	10.0098	3.75076	9079948
57.761	10.32	4.47761	13093321
51.4003	10.5592	4.0847	12830919
55.4913	6.23489	4.45942	1909281
57.099	4.92479	4.54055	1974050
59.9275	7.44687	4.90172	4277323
47.4565	9.18353	4.55462	3750700
58.9617	7.24414	3.25154	10725037
69.2189	9.8127	3.73814	11382449
46.4504	11.8303	4.43694	987927
57.2799	4.82522	4.57419	1645087
57.8587	10.3109	4.86155	3816508
59.5885	5.87814	4.61721	12698563
58.2075	4.20282	4.89027	1120024
57.2237	10.1997	4.84271	3816508
47.2046	9.136	4.51339	3882286
57.2954	4.90736	4.89226	9212052
58.0195	4.13503	4.60893	11515572
57.7299	10.2905	4.56045	11316910
47.1319	9.06712	4.53062	3816743
58.1	8.09703	4.98841	13422034
55.9718	6.25021	4.79209	6580332
57.6313	4.83654	4.88322	9343636
55.7762	9.89501	-0.275853	11581365
51.0318	4.47964	-2.82637	3158324
54.1689	3.43633	-3.01524	5526872
50.3844	4.52207	-2.78041	4277059
54.0097	7.61974	-2.81306	6908525
52.3729	3.93408	-2.9309	7039859
53.0576	4.08675	-2.92653	2631216
56.6369	4.15758	-4.87951	6776679
53.1089	5.79125	-2.84187	8290950
52.1717	7.77691	-2.87668	8356743
53.4187	3.69881	-2.86129	4738126
53.1613	6.83341	-3.01561	6447974
49.7871	4.75975	-2.68743	10791336
60.807	10.3681	-1.98697	5136565
67.5527	9.72882	-2.56355	11316393
52.9138	7.5762	-3.03129	7171697
29.1441	9.25213	-1.34715	6514021
54.6685	3.41128	-2.74974	5133138
32.4172	9.31172	-1.59109	7171951
58.9769	10.8492	-0.269272	13488844
57.0917	6.97899	-2.0905	9737878
39.0326	9.98151	-2.07565	7763574
60.8336	14.1311	0.533656	9079180
54.423	7.14634	-2.80044	7500662
42.6545	9.68398	-2.33274	6119260
50.1633	10.8346	0.231152	12501181
52.837	8.95776	-3.04257	7501432
54.5098	3.43648	-3.03824	4276805
67.8378	9.74258	-2.55363	13158597
57.0392	7.02714	-2.00289	13619665
49.8363	4.71515	-2.63795	1316890
57.1308	6.97371	-2.19715	7632502
49.9808	10.7872	0.186461	13027525
54.1549	3.47472	-2.77575	3159348
50.0599	4.85269	-2.64954	1843747
53.4541	6.54574	-2.89558	2369578
54.8262	7.47708	-2.97168	7567225
54.3838	7.67086	-2.8171	6908525
58.5302	10.7349	-0.262583	13488844
50.6745	4.49835	-2.80984	3026738
53.8221	7.59754	-3.0773	4868944
52.983	6.36581	-2.86721	3093303
60.9048	10.3962	-1.99109	5136565
53.432	6.91591	-2.76831	6974318
52.8889	4.13556	-2.91411	1973286
57.6572	10.5127	-0.376902	5856088
52.6425	7.74191	-2.87265	4342598
52.1639	5.96679	-2.9342	4408393
52.9558	7.9106	-2.89115	3948612
51.3567	10.8948	0.1134	13487825
55.2965	3.36907	-3.0327	2698797
56.7337	10.1622	-0.288373	13752018
52.9368	6.77913	-2.72646	6184802
49.6896	4.77123	-2.62656	2172712
58.5782	10.7295	-0.237185	13488844
54.9733	7.49676	-2.99331	7567225
53.1761	6.5127	-2.88822	2369578
53.9617	7.51552	-3.06556	3487291
67.704	9.73891	-2.48733	12237495
57.0106	7.03713	-2.01438	14080216
57.2418	6.98666	-2.17662	7632502
51.9799	5.86087	-2.89016	1974052
53.3674	6.38427	-2.76355	4605772
54.144	7.15991	-3.01374	4080196
61.0812	10.4254	-1.9856	5136565
52.5384	7.838	-2.88634	8356743
53.4896	3.78202	-2.8334	2829359
38.4052	10.0734	-1.90152	3159345
51.5869	4.44464	-2.82949	1644833
55.472	3.27117	-3.01683	3027759
32.7053	9.4	-3.28778	12897239
52.6024	5.75144	-2.85447	4277577
52.962	6.50397	-3.02744	13027276
50.0571	4.80531	-2.6228	2172712
54.1616	7.46578	-3.00912	3684668
57.267	7.09943	-1.96595	13619411
67.7753	9.73043	-2.52673	14145492
53.0763	6.4252	-2.78525	4277575
53.2667	6.62675	-2.79372	4605770
52.5488	7.86792	-2.80286	4605770
54.9488	7.38666	-3.06632	3224887
51.9799	5.86087	-2.89016	1974052
51.4768	4.42081	-2.80963	1644833
54.3115	8.67527	-3.08091	3816254
54.4863	4.48998	-2.9269	4079426
52.0731	5.81859	-2.89804	1776671
54.1641	7.46611	-3.0093	3684668
67.3066	9.61941	-2.48406	14145492
57.0583	7.03665	-2.0296	14080216
52.802	6.53833	-3.03207	13027276
50.859	4.96551	-2.64144	2106921
49.7438	7.0057	-4.77236	9935254
52.8745	7.9329	-2.80757	4605770
53.3193	6.48929	-2.76636	4277575
52.3595	4.47716	-2.85262	2763566
57.1697	3.27393	-3.09332	3488313
53.7831	8.82911	-3.05539	3816508
55.6797	3.29807	-2.67856	10988722
52.6482	5.77406	-2.86005	4277577
67.2378	9.58217	-2.40707	14145492
57.2748	7.08511	-1.97469	13619411
50.7843	4.95693	-2.5206	6120294
51.8274	6.58127	-3.96295	7697265
57.5125	3.24454	-2.85459	9277843
50.5539	4.93937	-2.85172	11382703
54.5567	8.88545	-3.04891	4803149
53.3193	6.48929	-2.76636	4277575
52.8719	6.43928	-2.97871	12829897
50.4349	4.97687	-2.84233	9737624
56.6605	3.95626	-4.85248	6185056
54.7203	8.8848	-3.06085	4803149
53.3462	5.87065	-2.58893	11712184
44.7542	9.81361	-2.43175	3290161
49.937	5.81385	-3.73547	7566706
51.7145	9.16692	-2.97773	12106172
52.8578	6.59122	-2.97445	12237758
40.9283	9.58982	-2.27747	13553872
50.1227	5.86404	-3.75109	7237227
51.7612	6.59463	-4.0556	6512991
38.3267	2.95336	-8.66308	4606021
38.3599	5.29431	-8.1486	7561287
49.9279	0.639655	-12.3957	5461333
48.4798	1.52119	-12.0916	7632751
35.5949	1.61268	-10.0166	526604
49.8258	0.891176	-12.7683	3948610
38.2519	2.27849	-10.8122	1316120
34.4474	0.291351	-9.27977	3750712
33.0701	1.62955	-8.86329	2698024
33.9729	0.793635	-9.15568	7106928
33.6726	3.68412	-9.3642	3158575
36.5207	0.732424	-9.96952	2369829
38.0509	0.730932	-10.76	1842718
34.2244	2.74802	-9.53166	1974050
35.0248	3.22239	-9.76248	1908511
37.8829	0.500076	-10.58	1316371
40.5543	1.55528	-11.3918	1645336
37.4748	0.279242	-10.5294	5724505
37.4174	0.205726	-10.5141	1316374
34.3912	2.82669	-9.54989	2763820
36.5302	2.40296	-10.2159	1316120
39.9502	1.30343	-11.2871	3158575
37.7463	1.05225	-10.4565	12040633
37.6596	1.05321	-10.4974	2303269
46.5279	1.25305	-11.9513	3750198
34.5966	1.62751	-9.37322	8948359
38.8271	5.37793	-8.26424	7561287
36.4449	2.39365	-8.14203	921611
37.9938	2.93777	-8.59458	4606021
36.2689	2.34453	-8.21642	4276542
51.1432	1.84435	-12.1119	3026987
35.2738	4.02441	-8.33485	4539964
48.9208	0.64937	-12.1479	5461333
49.3061	1.57188	-12.2937	7961462
48.2851	0.93592	-12.3922	4474954
46.2877	1.28391	-11.893	3092268
34.4189	0.619377	-9.17002	3619899
32.5836	1.60868	-8.70962	1513750
33.8292	0.777229	-9.10223	6580584
34.4543	1.64915	-9.33038	9079945
36.4223	0.738182	-9.94027	2369829
33.7298	2.30413	-9.13161	8553350
38.551	1.22506	-10.5958	4014654
38.2988	1.08618	-10.6079	12041403
37.5658	0.715405	-10.3991	8356992
38.3141	5.28294	-8.11159	7561287
38.6439	5.43744	-8.23693	8021576
36.499	2.40521	-8.14734	921611
38.0533	2.93327	-8.61766	3750712
36.2008	2.34114	-8.21494	4276542
51.0864	1.85401	-12.087	2895401
35.4358	4.084	-8.38342	3618610
48.6172	1.52017	-12.1637	7632751
48.3734	0.9148	-12.4165	4474954
46.9019	1.28757	-12.0722	3750198
33.6404	1.72462	-9.01668	461062
34.2504	0.824876	-9.22403	6382951
38.3781	5.38054	-8.17498	8218955
38.0407	2.94213	-8.58497	4606021
36.2426	2.32229	-8.20717	3552819
51.5249	1.82518	-12.198	2961194
35.4589	4.0541	-8.34457	4539964
49.1785	1.51921	-12.2244	6250844
39.053	5.52243	-8.33254	8021576
37.6837	2.87874	-8.50926	4934470
36.2704	2.40879	-8.16754	5329230
35.5184	4.059	-8.32698	4343099
39.5015	5.59594	-8.37868	7822396
36.8324	2.71467	-8.32862	4473919
36.2339	2.31865	-8.18724	5197644
35.4457	4.03454	-8.2564	4540730
39.5331	5.59956	-8.36816	7822396
36.8655	2.75248	-8.31981	5197642
36.3516	2.39622	-8.19876	5460816
48.4764	-1.59371	10.7139	7698290
45.9214	-1.3017	12.0812	10528164
47.2742	-1.28949	12.0804	7369327
47.1383	-1.15086	12.0084	6514021
49.5785	-1.48842	12.3803	5723986
51.3641	-1.53816	12.2549	6776676
50.7304	-1.47134	11.9188	10526877
50.0221	-1.35537	11.5703	6515040
48.8476	-1.18485	11.2147	3554365
46.5223	-1.1781	10.2604	15067111
47.0904	-1.32619	10.3777	13553869
46.1561	-1.08116	10.0997	14671839
45.4677	-0.979717	9.83109	5329233
55.3823	-0.152686	11.7277	3487289
50.2357	-0.440143	10.6626	8422018
50.4742	-0.441417	10.6187	5658712
18.9707	-5.83182	5.04799	8946810
48.7302	-1.17304	11.1888	3554365
47.6215	-1.26147	12.1512	5000782
45.3445	-0.994708	9.77923	7829367
46.3433	-1.12052	10.1382	14803425
46.6903	-1.28906	10.2578	15132904
46.5914	-1.29175	12.2547	10528164
49.4928	-1.36026	11.4099	6383200
50.7344	-1.45208	11.9205	10526877
45.1972	-1.31042	12.0462	9277324
49.5952	-1.47944	12.3667	5723986
51.5651	-1.59274	12.3376	7697778
48.8568	-1.62453	10.8247	7829876
49.504	-0.559155	10.4447	4737610
18.2846	-5.41229	4.78292	8158316
18.7824	-5.6039	5.04551	10460301
45.3163	-1.31307	12.006	8620167
49.5919	-1.49065	12.3871	5723986
51.2996	-1.53829	12.2659	5592402
50.268	-1.43918	11.7552	10921633
49.934	-1.3608	11.5462	6515040
48.9075	-1.19961	11.2503	3554365
48.8043	-1.66727	10.7565	8158327
47.034	-1.28678	10.3217	15396076
45.6046	-0.936504	9.72558	4342852
45.3898	-1.29011	12.0627	9080464
47.4657	-1.18362	12.0752	4606024
49.6293	-1.47809	12.3707	5723986
51.0246	-1.51648	12.2281	5592402
50.8394	-1.51057	11.9398	11974323
49.6356	-1.23102	11.5112	3027757
48.4041	-1.60113	10.6712	7171946
46.8562	-1.24376	10.2731	15396076
49.2369	-1.4407	3.46923	9869464
49.3828	-1.58747	3.61071	4277059
51.8722	-0.19608	0.616633	13224390
48.258	-1.23005	3.54542	3355954
48.8955	-1.47989	3.67149	13619665
48.7996	-1.38357	3.66744	13027525
48.1619	-1.22872	3.67239	6908779
52.3541	-0.198212	0.761709	13290183
48.7657	-1.24469	4.15966	5856861
48.7683	-1.24621	4.42894	4870476
48.5432	-1.19361	4.27678	13883604
50.121	-0.626013	0.599677	7895674
52.679	-0.150326	1.0536	10198945
49.5994	-0.715807	0.595338	7895674
53.5667	-0.41746	0.822543	3816505
49.6185	-1.61329	3.60713	3421496
48.4062	-1.24257	3.53664	3355954
48.779	-1.42049	3.66506	13093321
47.5338	-1.05876	3.58967	2434855
48.4529	-1.18996	3.91509	3882047
48.9259	-1.25772	4.16303	5856861
48.9848	-1.2605	4.43767	4870476
51.4162	-0.523948	0.973448	7633785
49.3169	-1.43314	3.42948	9935257
50.9465	-0.657699	4.05707	3026989
49.2163	-2.01224	6.23935	3356727
51.7332	-2.05033	7.56696	3882550
45.8464	-1.87724	6.7799	6250330
50.5878	-2.05232	6.38266	2500645
48.6436	-1.23024	4.42042	4870476
48.5273	-1.22675	4.28113	13818324
48.845	-1.43376	3.72282	13422286
47.4799	-1.0686	3.57533	2434855
49.1679	-1.57733	3.61034	4277059
49.1759	-2.01346	6.2538	3356727
48.6832	-1.17776	4.50286	2567211
48.9083	-1.26226	4.28522	13818324
48.3732	-1.16854	4.01519	5000782
48.8818	-1.42168	3.81583	13882837
50.5651	-2.04875	6.43549	2238246
50.0217	-0.0773496	-1.44996	5791329
49.4463	-0.218601	-1.57021	5792099
46.2094	-1.27316	-1.8416	3750710
46.3675	-1.3656	-1.93611	10132633
45.9514	-1.48634	-1.96001	9803671
45.8006	-1.12847	-1.98548	7369330
47.4828	-0.708915	-2.15139	10198429
46.0415	-1.26613	-2.08503	10856359
45.859	-1.12752	-2.1969	3751485
48.5157	-0.579458	-2.51335	7829113
45.9377	-1.12745	-2.368	4408391
48.0049	-0.712235	-2.52906	5394772
52.1639	-0.0657047	-2.81967	3421750
46.0017	-1.26091	-2.4581	10001820
46.7337	-1.3199	-2.9307	6316639
48.8228	-0.860134	-6.54382	8158846
16.7877	-4.80697	0.0191937	12763839
17.266	-4.97664	-0.0387089	8553087
46.0479	-1.25126	-1.83322	3026987
46.4277	-1.42069	-1.95836	10395805
45.9759	-1.08837	-1.97798	2369062
47.1513	-0.731672	-2.13375	10330012
45.952	-1.24612	-2.07963	10856359
46.0093	-1.14011	-2.18136	4737610
48.3839	-0.577943	-2.51372	7829113
45.9156	-1.1357	-2.37513	4408391
45.0816	-1.47836	-2.57714	7961464
46.6044	-1.30737	-2.92977	6316639
49.0193	-0.929538	-6.58226	8422018
45.9294	-1.18413	-1.86612	2763817
46.3896	-1.38745	-1.95561	10132633
46.0214	-1.2482	-2.05377	11711668
47.4537	-0.691713	-2.18129	10198429
46.1089	-1.12053	-2.23711	3290164
46.9462	-1.32718	-2.96567	6316639
48.8233	-0.85812	-6.55268	8158846
46.36	-1.23316	-1.87772	3026987
46.3896	-1.38745	-1.95561	10132633
45.6571	-1.05893	-2.26813	3026738
46.0168	-1.44634	-2.58677	8028030
47.4705	-1.40641	-3.05505	6645604
49.8523	-0.0830758	-8.16254	3421747
42.5591	-0.749671	-9.39249	5198677
43.3608	-0.583915	-10.0432	5066570
43.1194	-0.614992	-10.2143	5527121
37.945	-1.15297	-9.05669	4803398
41.7406	-0.247589	-10.4927	5987926
31.3041	-0.616058	-8.33568	4211266
32.2247	-0.922666	-8.60987	1842464
31.5739	-0.960736	-8.47815	6908525
30.4093	-0.767284	-8.21444	11053735
31.1096	-0.875694	-8.50461	2698276
37.8862	0.0902406	-10.5583	3619129
37.4936	0.0177546	-10.4429	2040097
28.9081	-0.313659	-7.93704	6711146
28.4102	-0.301191	-7.86139	4276805
29.9371	-0.76897	-8.33725	9474187
37.2317	-0.00906667	-10.5629	2697513
43.1124	-0.675456	-9.86856	4277059
42.8988	-0.617588	-9.95249	5000779
43.1813	-0.563836	-10.2992	6514018
37.8864	-1.14331	-9.04746	4803398
41.7808	-0.281504	-10.4746	7237993
30.7544	-0.578264	-8.18077	5198161
30.5644	-0.782237	-8.29219	10330010
31.5787	-0.884085	-8.66099	2698276
42.8309	-0.729958	-9.46113	5198677
42.689	-0.656611	-9.81014	5000268
43.1797	-0.533037	-10.3165	6514018
31.0508	-0.571332	-8.25402	5198161
14.367	-4.80019	4.01137	9275516
15.4235	-5.19382	4.25572	8749170
14.7909	-4.86773	4.04564	8420466
17.74	-5.69805	4.79936	6117965
15.3319	-4.98708	3.80516	7697513
15.979	-5.46691	3.92634	9408133
17.2795	-5.95697	4.17143	8816771
15.3778	-5.15197	3.55644	8158846
16.6719	-5.62839	3.79862	8290178
14.2313	-4.74401	3.97865	9143930
14.7254	-4.86847	4.0281	7367778
18.0803	-5.78968	4.88076	5921104
14.6158	-4.95331	3.68091	9868936
15.499	-5.0365	3.85627	7894892
16.0704	-5.49689	3.93496	6316377
17.1482	-5.90698	4.14539	7566704
15.284	-5.11667	3.54358	8158846
16.4499	-5.54448	3.76282	6777193
14.2334	-4.73836	3.97654	9012596
15.171	-5.07595	4.16478	5656647
14.6592	-4.961	3.68635	9736578
16.2096	-5.54958	3.9587	6316377
17.1244	-5.89533	4.13972	7566704
16.3186	-5.49459	3.73232	6777193
16.1462	-5.52901	3.95578	7566444
16.374	-5.52165	3.75822	5790044
23.6501	11.1191	5.02105	15592423
38.9337	19.4804	9.47724	9334116
33.9817	17.0659	7.31947	7824999
201.299	120.371	63.5196	13882318
35.1404	17.6924	7.58827	8088171
39.399	19.7462	9.60122	9334116
34.2586	14.747	10.0128	16113111
38.7725	19.3839	9.44408	9201762
34.7118	17.4507	7.49296	7430241
23.4537	10.9791	4.98497	15591907
35.9033	18.0938	7.81539	8481646
37.2961	18.5352	9.09476	8148558
24.7745	11.4698	5.585	16115167
38.8446	19.4292	9.43229	8938590
36.2864	18.2999	7.94865	9337209
31.8233	15.7894	6.85469	6048588
25.1273	11.6026	5.70406	14601417
38.2988	19.107	9.28009	8675418
36.4591	18.3727	8.05839	8809064
37.5083	18.6546	9.10099	8477523
30.6575	14.6071	7.38402	16442338
3.52957	1.60676	0.266231	3487029
8.56016	3.56693	0.559033	12698563
3.52843	1.6036	0.25403	2763314
3.51149	1.59641	0.252586	2763314
8.98435	4.36418	1.04625	14471487
3.67015	1.66414	0.267307	2105638
6.25023	2.69855	0.539028	5525329
3.66874	1.66348	0.267931	2105638
3.79884	1.71858	0.281916	2104858
10.1476	4.96008	1.20495	15185752
9.90568	4.83708	1.17047	16106854
115.682	48.9682	-2.5264	11317677
1950.14	848.496	-53.2402	10527129
119.364	50.6433	-2.56307	11317677
2354.4	1023.9	-65.6488	11580077
124.182	52.7743	-2.6995	11449263
42.7862	4.89957	12.0323	14013906
20.4642	7.38547	4.27274	10850183
36.4512	6.90412	9.64268	2105636
40.2582	5.60083	10.704	4934475
20.3725	7.0626	4.07958	14344158
27.532	9.66524	7.3783	10846825
41.7759	4.8658	11.3655	13685458
40.6568	6.45847	11.7237	14013909
20.506	7.36106	4.28111	7499364
33.077	7.65416	8.85486	16775671
26.4774	7.03875	5.34301	12830149
42.9329	4.86812	12.0498	13816527
27.2209	9.94662	7.16967	14905182
20.5195	7.37774	4.29196	8683638
20.4464	7.39862	4.27693	11902871
20.5472	7.08332	4.1342	15660018
41.7167	4.87496	11.3423	13685458
32.996	7.65459	8.82731	16775671
27.6029	9.6688	7.4181	11373169
26.4306	7.03646	5.33339	12698563
20.463	7.07805	4.11258	15594225
27.6336	9.67311	7.41357	11373169
20.4363	7.40441	4.27491	11902871
32.5389	6.57362	5.84005	13751248
30.5284	6.71692	5.47727	6119009
36.0402	6.908	9.46758	2237222
20.5195	7.37774	4.29196	8683638
27.6321	9.67269	7.42085	11373169
36.1815	6.92472	9.54333	2237222
20.706	7.4783	4.36542	11701378
27.0543	9.87834	7.09652	14905182
32.96	7.66757	8.81216	16775671
27.525	9.57123	7.36306	8155490
36.0728	6.96355	9.52729	2237222
20.5942	7.10676	4.16571	15462639
33.6936	7.703	9.10516	11905691
26.9759	9.81372	7.06583	14773850
25.8566	7.60087	5.89973	12435907
30.4386	7.06348	6.59984	16382968
27.717	8.07056	6.90589	11053486
20.9467	7.61542	4.48578	14320776
26.1047	7.42654	5.78598	7107959
25.9797	7.61276	5.90425	11316656
30.8214	7.17873	6.92364	14671834
26.4189	8.03848	6.37584	16645629
32.0351	6.67568	5.15855	13160915
31.9835	6.63326	4.47817	13557220
28.8267	6.73025	4.63746	13358040
32.3339	6.64386	4.64589	13162973
8.95072	3.712	0.570523	13882834
30.2142	6.67496	4.86238	4080457
27.2581	6.73406	3.81044	4540231
11.4896	4.4494	0.857581	9737878
32.1615	6.63911	4.52078	13557220
25.5066	6.94655	2.18941	2829107
9.92579	3.96377	0.740362	3224887
25.4692	6.94815	2.18019	2829107
11.5419	4.46442	0.866537	9737878
32.221	6.64403	4.53667	13491427
25.0559	6.9059	2.14458	2435121
49.5628	6.34541	2.48183	11053484
32.3577	6.64527	4.58145	13491938
45.6029	6.81562	2.28249	2040094
34.1731	7.10817	2.52384	9935257
11.7669	4.53129	0.872086	7500662
42.9826	6.15894	3.13211	12106426
28.6462	7.08605	2.4137	1184022
45.6855	6.79784	2.28664	2040094
25.367	6.93134	2.16443	2894900
27.847	7.06758	2.31387	1446940
35.7226	7.00053	3.0516	8487811
27.4204	7.02583	2.2781	1514017
26.5065	7.02285	2.20217	4409161
25.3473	6.93842	2.1743	2894900
29.4961	7.06154	2.48413	9343120
27.2693	7.00354	2.29565	1514017
35.8392	6.96449	3.0191	11579565
35.1923	13.0069	-0.328782	2960169
34.7138	12.5616	-0.321634	13355976
66.8286	9.50792	-4.32926	13291216
65.7722	9.36617	-3.89491	6447976
69.2638	20.643	-4.83651	11975356
68.0151	9.35872	-4.2166	7962237
68.5838	10.603	-4.45449	3487291
70.1421	8.1901	-4.46842	12830146
70.7858	9.13348	-4.51706	2764336
62.7475	9.19774	-2.67133	1579543
70.1747	8.59346	-4.34332	13027274
67.8381	9.38514	-4.21741	13949146
62.7202	9.20606	-2.64678	1579543
34.8055	12.6495	-0.310246	5263440
35.0667	12.9882	-0.314693	2236959
66.7193	8.35209	-2.81504	14014423
66.5874	9.96999	-4.146	13619413
67.2279	9.45048	-4.3295	13357009
68.9736	10.7945	-4.45554	3158072
68.9804	9.38617	-4.28866	13949146
62.5245	9.15011	-2.59726	1645336
66.6638	8.39124	-2.76808	14146009
65.9022	9.61561	-3.96841	6579560
67.3154	9.44752	-4.31949	12501700
66.5345	9.97821	-4.09837	14145757
68.362	10.8083	-4.40078	4474702
55.3296	20.0076	-2.15335	1776408
65.8068	9.67362	-3.96329	6776939
66.6299	8.40523	-2.72933	13948630
62.5032	9.11287	-2.5607	1645336
69.7325	9.33138	-4.41882	5659228
66.0358	9.79306	-3.99865	11908795
55.1893	19.9754	-2.12915	1776408
83.5298	11.4834	-8.76916	10328983
62.4374	9.16492	-2.5803	1645339
66.8498	10.8285	-4.31363	6580078
66.1851	9.92067	-3.95869	10000798
119.939	32.9464	-13.2562	10526364
126.796	34.1913	-15.5111	12167060
133.211	40.4188	-15.4363	12366504
64.2693	14.5299	-4.29326	6316388
66.2494	13.4648	-4.41686	5197907
79.6719	26.4749	-5.64144	5659479
71.6245	21.9424	-5.04376	6447976
324.478	45.3836	-100.074	5790298
228.707	24.434	-69.1285	1053202
251.251	28.2597	-76.9615	5987163
279.014	36.9073	-84.8872	723723
957.195	188.673	-296.742	9211534
365.882	57.7538	-112.053	1184271
281.696	34.1085	-85.3546	6185056
553.31	102.129	-171.172	1381913
531.413	91.5429	-163.157	5790295
542.039	99.02	-167.129	1447960
234.922	24.001	-71.647	9869980
164.055	21.4122	-37.6759	8349506
165.759	21.8225	-38.1499	8085564
166.922	22.0672	-38.4678	8085564
165.405	22.0315	-37.9068	8348736
47.9062	-0.493302	10.0721	3815994
47.327	-0.573694	9.43933	1974301
47.1721	-0.441336	9.49389	3947580
47.8522	1.45214	8.84055	13028046
47.9945	-0.582597	10.0898	3487543
47.8476	1.45363	9.27353	13488595
47.4439	-0.487901	9.76099	3881533
47.0348	-0.379255	9.42453	2763817
47.7834	1.46957	9.24422	13488595
47.3739	-0.591749	9.44021	2237473
47.9506	-0.493853	10.0729	3815994
47.7491	-0.4071	9.99008	3355443
47.6726	1.49799	9.2017	13817560
46.9224	-0.3367	9.39215	2829610
47.6531	1.51016	9.19808	13817560
47.7951	-0.470973	10.011	3158064
49.08	-0.766489	10.4318	10724259
47.5771	-0.377712	9.93646	3355443
47.2061	-0.464631	9.33074	2105887
49.0803	-0.766495	10.4319	10724259
47.3849	-0.303465	9.86175	4671817
49.0733	-0.76236	12.0871	10988712
49.1514	-0.766344	11.2191	10396839
48.5844	-0.730789	11.3379	10264992
62.6772	0.144688	0.643759	13028298
59.0428	3.20832	0.330842	6119781
62.852	0.142366	0.474816	12698563
58.7211	3.19372	0.489923	3685440
53.3961	-0.805039	4.08806	2698543
52.5828	-0.786098	4.54432	3093555
59.7785	2.69306	0.554442	12961735
60.3348	2.60154	0.340436	13619665
61.4483	0.711901	0.630659	4802889
53.1908	-0.8481	4.3107	5329744
62.9424	0.118572	0.42945	12698563
62.5351	0.190541	0.631692	12962505
60.2805	2.66776	0.405248	13882837
59.0557	3.21	0.395606	6777711
61.7318	0.73645	0.55555	4079166
59.328	2.23774	0.983364	9606808
53.4003	-0.729492	3.80142	3158064
53.2323	-0.782659	4.07552	2895922
53.0869	-0.836563	4.293	5329744
53.244	-0.794248	4.11145	5067091
55.0987	-1.12049	3.96951	4869196
59.4938	2.22972	0.934177	7961983
52.5395	-0.777703	4.53154	3093555
53.3139	-0.864687	4.25453	5330517
59.2222	2.14392	1.16281	1777443
52.8984	-0.7451	4.20771	6119779
55.0748	-1.13377	4.03943	9408913
52.3332	-0.732136	4.56731	3356727
53.5505	-0.760789	3.76093	2368548
49.206	4.05738	3.85537	7435639
51.8175	-0.657963	4.52263	3093555
54.5495	-1.01741	4.05153	10724773
53.266	-0.884428	4.45107	11645875
53.1359	-0.687403	3.64913	1842718
51.2822	3.39212	3.82334	7500662
53.6704	-0.777072	3.70675	2369062
54.5755	-1.03793	4.13373	2238246
53.1846	-0.882369	4.503	6645607
52.4104	-0.631367	4.08808	4869712
54.4603	-1.03474	4.19882	2304039
52.3042	-0.558427	4.03316	3224117
53.6464	-0.729128	3.56008	2960685
54.5255	-1.06606	4.20373	2304039
53.4462	1.61166	3.95587	1974050
54.949	0.194203	4.06322	8027006
93.8161	-1.23704	-13.3127	723469
71.5454	7.34488	-4.55769	3355189
69.7073	6.37216	-4.36722	13159884
72.6749	4.80404	-4.47223	12303551
73.2941	5.73687	-4.52084	2172450
69.9285	6.85469	-4.25677	12172219
76.0403	5.76646	-7.00594	394755
72.9663	3.05649	-4.41334	9474706
71.7858	5.2185	-4.28953	8948878
61.8516	4.8957	-1.19072	987409
72.114	2.88719	-4.35934	10462117
71.9126	5.26873	-4.28587	9541015
73.3784	5.86669	-4.53994	2105890
93.8095	-1.20197	-13.2956	723469
76.2346	5.79435	-7.08051	394755
93.1845	-1.49861	-13.1032	986892
72.4861	2.95575	-4.38281	10264222
72.6702	4.74889	-4.48395	12237758
68.8924	-1.15077	-3.38094	2698027
69.7116	6.20306	-4.31367	12041403
72.5226	4.65946	-4.42789	12961481
93.7842	-1.24248	-13.2499	592397
69.9045	-1.28397	-3.85582	3487540
71.1804	4.96237	-4.06474	3224368
75.9809	5.75984	-6.9728	394755
71.7991	2.78509	-4.27603	9804187
62.2593	4.80902	-1.16372	2763566
93.7604	-1.21823	-13.296	723469
72.9602	4.53159	-4.35613	12697797
70.1652	-1.68985	-3.37234	1645336
72.7108	4.40574	-3.99639	6974572
69.755	-1.2431	-3.79353	3487540
71.941	5.28509	-4.18798	9803671
69.1714	-1.03585	-3.84825	5592405
69.6432	-1.56606	-3.3477	1974820
72.9082	4.50481	-4.3771	12697797
72.0327	4.45861	-3.91225	9935003
72.2558	-1.78186	-4.42135	5592919
69.1104	-0.980223	-3.74199	4079166
69.8093	-1.62251	-3.30233	2500648
70.5217	-1.49189	-4.13152	6579814
72.0202	-1.85477	-4.21728	7698295
72.969	1.67084	-4.37156	2369062
74.7139	-0.147447	-4.46406	7566706
70.6732	-1.49638	-4.20409	11909047
149.474	4.52257	-38.9604	395018
170.883	0.923133	-51.4994	9079694
208.57	16.9997	-63.8271	9803417
186.671	10.3516	-56.7761	10001050
171.731	1.3992	-51.9291	7105904
160.347	-2.80855	-47.754	1052950
159.996	-2.9555	-47.9362	9013903
172.494	2.55542	-50.2934	6711397
180.945	5.82948	-54.8801	7829627
183.295	10.3491	-54.729	658441
151.862	-4.66058	-44.301	8291202
186.508	10.8069	-55.8399	526858
177.451	5.73212	-52.7641	987409
204.46	16.8746	-61.3919	921613
167.749	1.5068	-49.7347	987409
149.137	4.42898	-38.8691	395018
169.042	2.28814	-49.2158	7698292
180.692	7.48037	-52.189	2040097
213.367	15.0048	-64.0112	8027255
149.745	4.3138	-39.0923	526604
167.234	2.03978	-48.6782	7764858
134.441	-1.83464	-33.8318	1645339
179.303	7.4645	-51.668	263432
128.628	-2.07923	-31.1562	1118992
120.865	-2.09543	-27.9776	1776673
164.919	2.24302	-47.1297	5197909
138.675	-1.40269	-36.3096	1907997
151.224	4.27852	-39.317	526858
133.77	-1.75178	-33.5233	1185555
127.295	-2.05646	-30.6605	1382164
121.029	-2.13028	-27.9822	1776673
160.858	1.96968	-41.7439	5132368
138.661	-1.49187	-36.3016	2105373
149.737	4.13698	-39.1164	724237
134.328	-1.67789	-33.8784	1513753
140.599	-2.05111	-36.7923	7829881
127.902	-1.82205	-31.0232	921613
128.884	-1.93625	-31.3075	1053199
135.098	-1.7451	-34.3794	1842718
149.691	4.25284	-38.9933	526858
121.598	-2.36184	-27.8356	1184534
118.886	-2.19245	-26.7806	3158064
61.9488	-15.3535	7.13379	13158597
62.858	-15.1416	7.06713	13355976
61.8015	-15.3191	6.74118	8619143
62.6205	-15.1963	6.65997	13421769
64.6504	-14.4071	4.3785	13092807
65.2768	-14.5073	2.65961	13224907
61.7805	-15.2791	7.08195	13158597
62.9424	-15.1733	7.07609	13355976
62.3796	-15.1674	7.01562	13158597
61.6523	-15.2492	6.74604	11053484
62.7162	-15.1869	6.6586	13487049
61.6664	-15.2247	7.0437	12500667
61.5177	-15.1902	6.64223	10658726
62.2303	-15.1332	6.6351	13290183
64.421	-14.3056	4.3427	13158597
65.2724	-14.5127	2.70643	13027528
62.4589	-15.1733	6.70575	13421769
64.3981	-14.3002	4.37374	13158597
65.2724	-14.5127	2.70643	13027528
64.8611	-14.4843	4.28751	12961221
62.4569	-15.1725	6.74316	13553355
61.5479	-15.1706	6.98362	12632253
65.6083	-14.6679	2.7391	12896458
61.5157	-15.1399	7.02471	12895425
61.7292	-15.0603	6.77926	13421772
